     0/399     11.7G   0.06595  0.009973   0.01777    0.0937         8       640    0.7885   0.06834   0.07887    0.0205   0.08142   0.01235   0.01835
     1/399     11.7G   0.05746  0.008742   0.01297   0.07918         4       640    0.2916    0.3079    0.2186   0.07067    0.0847    0.0107   0.01605
     2/399     11.7G   0.05591  0.007968   0.01081   0.07468         3       640    0.4114     0.127    0.1101   0.03417   0.09512   0.01122   0.02435
     3/399     11.7G   0.05501  0.007156   0.01079   0.07296         3       640    0.3131    0.3238    0.2567   0.08289   0.08971  0.009345   0.01584
     4/399     11.7G   0.05186  0.007184  0.009842   0.06889         2       640    0.4718    0.4027    0.3804    0.1367   0.08707  0.009482   0.01317
     5/399     11.7G   0.04921  0.007194    0.0089   0.06531         0       640    0.4712    0.4849    0.4056    0.1459   0.08368  0.009383   0.01257
     6/399     11.7G   0.04805  0.007241  0.008302   0.06359         2       640    0.5256    0.4249    0.4009    0.1485    0.0791   0.01038   0.01248
     7/399     11.7G   0.04744  0.007293   0.00857    0.0633         3       640     0.531     0.407    0.3889    0.1439   0.08041   0.01045   0.01248
     8/399     11.7G   0.04813   0.00764  0.008778   0.06455         4       640    0.4856    0.4941    0.4204    0.1561    0.0811  0.009624   0.01301
     9/399     11.7G   0.04739  0.007575  0.008323   0.06329         1       640    0.5577    0.5103     0.475    0.1837   0.07774      0.01   0.01245
    10/399     11.7G   0.04586  0.007476  0.007819   0.06116         6       640    0.5655    0.4969    0.4943      0.19   0.07444   0.01023   0.01252
    11/399     11.7G   0.04536   0.00766   0.00773   0.06075         0       640    0.6159    0.5201    0.5342    0.2202    0.0706   0.01058   0.01156
    12/399     11.7G   0.04497  0.007841  0.007552   0.06036         1       640     0.572    0.5531      0.52    0.2036   0.07137   0.01041   0.01107
    13/399     11.7G   0.04492  0.007735  0.007547   0.06021         6       640    0.5604    0.5264    0.5123    0.2034   0.06985   0.01078   0.01162
    14/399     11.7G   0.04465  0.007775  0.007585   0.06001         2       640    0.6098    0.5113    0.5244    0.2024    0.0683   0.01088   0.01103
    15/399     11.7G   0.04624  0.008058  0.007868   0.06217         8       640    0.5604    0.4573    0.4573     0.182   0.07239   0.01129   0.01425
    16/399     11.7G   0.04597  0.007941  0.008328   0.06224         5       640    0.5362    0.5007    0.4845    0.1897    0.0689    0.0113   0.01226
    17/399     11.7G     0.045  0.008032  0.007949   0.06098         8       640    0.6116    0.5462    0.5441    0.2218   0.06765   0.01098   0.01097
    18/399     11.7G   0.04445  0.007815  0.007715   0.05997        10       640    0.6141    0.5493     0.544    0.2199   0.06899   0.01048   0.01141
    19/399     11.7G     0.044  0.007907  0.007539   0.05944        10       640    0.6351    0.5221    0.5426    0.2208   0.06783   0.01065    0.0112
    20/399     11.7G   0.04323  0.008006   0.00711   0.05835         1       640    0.6494    0.5535    0.5706    0.2374   0.06508   0.01093   0.01058
    21/399     11.7G   0.04348  0.007824   0.00724   0.05854         2       640    0.6645    0.5582     0.582    0.2395   0.06572   0.01064   0.01043
    22/399     11.7G   0.04336  0.007716  0.007188   0.05826         4       640    0.6388    0.5883    0.5831    0.2428   0.06489   0.01093   0.01049
    23/399     11.7G   0.04311  0.007941  0.007074   0.05812         2       640    0.6288    0.5683    0.5866    0.2518   0.06477   0.01087   0.01078
    24/399     11.7G   0.04299  0.007988  0.007023     0.058         2       640    0.5528    0.5427    0.4943    0.1999   0.06674   0.01093   0.01036
    25/399     11.7G   0.04281  0.007945  0.007244     0.058         7       640    0.6539     0.574    0.5963    0.2594   0.06492   0.01065  0.009953
    26/399     11.7G   0.04234  0.007775  0.006432   0.05654         2       640    0.6507    0.5773    0.5912     0.244   0.06447   0.01083   0.01043
    27/399     11.7G   0.04252  0.008067  0.006988   0.05758         2       640    0.6337    0.6166    0.6024    0.2541   0.06345   0.01065   0.01004
    28/399     11.7G   0.04174   0.00784  0.006614   0.05619         0       640    0.6369    0.5931    0.5948    0.2541   0.06468   0.01054   0.01002
    29/399     11.7G   0.04238  0.008046  0.006851   0.05727         3       640    0.6061    0.5845    0.5699    0.2395   0.06565   0.01061   0.01023
    30/399     11.7G   0.04157  0.007981  0.006846   0.05639         1       640    0.6793    0.5503    0.6057    0.2573   0.06491   0.01023   0.01013
    31/399     11.7G   0.04162  0.008011  0.006501   0.05614         5       640    0.6346    0.6149    0.6187    0.2673    0.0639   0.01047   0.01005
    32/399     11.7G   0.04154  0.008182  0.006764   0.05649        13       640    0.5895    0.5941    0.5534    0.2421   0.06216   0.01088   0.01037
    33/399     11.7G    0.0416  0.007883  0.006728   0.05621         3       640     0.611    0.5936     0.558    0.2383     0.062   0.01083   0.01147
    34/399     11.7G   0.04134  0.007832  0.006574   0.05575         3       640    0.6573    0.5949    0.6207    0.2725   0.06278   0.01019   0.01058
    35/399     11.7G   0.04144  0.007857  0.006482   0.05578         4       640    0.6733    0.5953    0.6218    0.2752   0.06338   0.01037  0.009876
    36/399     11.7G    0.0414  0.007869  0.006679   0.05594         2       640     0.629     0.602    0.5981    0.2678   0.06271   0.01049   0.01049
    37/399     11.7G   0.04125  0.008059  0.006312   0.05563         1       640    0.6357     0.607     0.582    0.2581   0.06104   0.01079   0.01039
    38/399     11.7G   0.04152  0.007942  0.006241    0.0557         5       640    0.5754    0.6396     0.603    0.2554   0.06135   0.01062    0.0102
    39/399     11.7G   0.04102  0.007894  0.006136   0.05505         4       640    0.6945    0.6107    0.6406     0.283   0.06161   0.01045    0.0107
    40/399     11.7G   0.04061  0.007906  0.006107   0.05462         6       640     0.599    0.6501    0.6264    0.2772   0.06103    0.0105   0.01005
    41/399     11.7G   0.04096  0.007897  0.006384   0.05524         3       640    0.6728     0.616    0.6481    0.2902   0.05998    0.0107   0.01043
    42/399     11.7G   0.04063   0.00793   0.00632   0.05488         1       640    0.6551    0.6258    0.6392    0.2847   0.06147   0.01034   0.01054
    43/399     11.7G   0.04049  0.007884  0.005906   0.05428         1       640    0.6962    0.6012     0.639    0.2854   0.06188   0.01047   0.01077
    44/399     11.7G   0.04034  0.007916  0.005703   0.05396         5       640    0.6471    0.6206    0.6295    0.2819   0.06155   0.01044  0.009494
    45/399     11.7G    0.0404  0.007835  0.005983   0.05422         1       640    0.6578    0.6312    0.6444    0.2911    0.0614   0.01035  0.009177
    46/399     11.7G   0.04032  0.007754  0.005661   0.05374         5       640    0.6538    0.6324    0.6369     0.285   0.06119   0.01041  0.009979
    47/399     11.7G   0.04036  0.007957  0.005881    0.0542         8       640       0.7    0.6085    0.6511    0.2905   0.05981   0.01046  0.009203
    48/399     11.7G   0.04016  0.007898  0.005701   0.05376         6       640    0.6408    0.6525    0.6317     0.295   0.06127   0.01022  0.008986
    49/399     11.7G   0.04017  0.007686  0.005907   0.05376         4       640    0.6241     0.652     0.647     0.294   0.06374  0.009919  0.009074
    50/399     11.7G   0.04014  0.007785  0.005937   0.05386         7       640    0.6562     0.637    0.6425    0.2892   0.06271   0.01021  0.008871
    51/399     11.7G   0.04044   0.00766  0.005687   0.05379         2       640    0.6808    0.6299    0.6442    0.2983   0.06121   0.01027  0.008849
    52/399     11.7G   0.04045  0.007972  0.005833   0.05425         3       640    0.3648    0.6202    0.3514     0.151   0.06356   0.04601  0.009591
    53/399     11.7G   0.04001  0.007833  0.005836   0.05368         0       640    0.5582    0.6301    0.5537    0.2439   0.06266    0.0105   0.01242
    54/399     11.7G   0.03997  0.007728  0.005796   0.05349         7       640    0.3215    0.6244    0.3146    0.1365   0.06363   0.02927   0.01073
    55/399     11.7G   0.04036  0.007881  0.005734   0.05397         4       640    0.6822    0.6095    0.6422    0.2893   0.06292   0.01032   0.01086
    56/399     11.7G   0.04003  0.007836  0.006049   0.05392         2       640    0.6754    0.6523      0.66    0.3012   0.06153   0.01026  0.009671
    57/399     11.7G    0.0407  0.007973  0.006158   0.05483         3       640    0.6369    0.5885    0.5902    0.2588   0.06362    0.0116   0.04257
    58/399     11.7G   0.04149  0.008082  0.006348   0.05592         3       640    0.6896     0.589    0.6039     0.264   0.06211   0.01053   0.01031
    59/399     11.7G   0.04257  0.008403   0.00697   0.05794         2       640     0.567     0.585    0.5596    0.2438   0.06308   0.01075   0.01412
    60/399     11.7G   0.04153  0.008136  0.006722   0.05639         2       640    0.6381    0.6019    0.6091    0.2746    0.0636    0.0101   0.01195
    61/399     11.7G   0.04115   0.00813  0.006512    0.0558         5       640    0.6522    0.6476    0.6423    0.2884   0.06128   0.01027   0.01064
    62/399     11.7G   0.04049  0.008046  0.006179   0.05471         3       640    0.6398    0.6321    0.6366    0.2792   0.06153   0.01021   0.01208
    63/399     11.7G   0.04078  0.008076   0.00625    0.0551         1       640    0.6657    0.5793    0.6205    0.2732   0.06128   0.01053   0.01055
    64/399     11.7G   0.04045  0.007868  0.006365   0.05468         4       640    0.6341    0.6439    0.6409     0.292   0.06184    0.0102  0.009152
    65/399     11.7G   0.04046  0.008004  0.005995   0.05446         2       640     0.649    0.6421    0.6456    0.2897   0.06041    0.0105   0.01062
    66/399     11.7G   0.04034  0.007849  0.005738   0.05393         0       640     0.677    0.6346    0.6621    0.2994   0.06053   0.01012  0.009776
    67/399     11.7G   0.04012  0.007856  0.005859   0.05383         2       640    0.6646    0.6373    0.6599    0.3008   0.05943   0.01053   0.00965
    68/399     11.7G   0.04015  0.007845  0.005874   0.05387         5       640    0.6795     0.641    0.6675    0.3083   0.05991    0.0104   0.01044
    69/399     11.7G   0.03961  0.007895  0.005639   0.05315         2       640    0.6658    0.6306    0.6662    0.3058   0.06017   0.01017   0.01009
    70/399     11.7G   0.03952  0.007694  0.005442   0.05265         8       640    0.6679    0.6362    0.6653    0.3113   0.05979   0.01028  0.009627
    71/399     11.7G   0.03938  0.007733  0.005738   0.05285         0       640    0.6709    0.6573    0.6778     0.319   0.05968    0.0103  0.009784
    72/399     11.7G   0.03997  0.007847  0.005545   0.05337         8       640    0.6754    0.6473    0.6757    0.3139    0.0587   0.01036  0.009266
    73/399     11.7G   0.03957  0.007705  0.005658   0.05293         3       640    0.6714    0.6578    0.6762    0.3142   0.05888   0.01038  0.008638
    74/399     11.7G    0.0402  0.007918  0.006034   0.05415         0       640    0.6422    0.6662    0.6598    0.3015   0.06012   0.01024  0.009316
    75/399     11.7G   0.03972  0.007893  0.005539   0.05315         0       640    0.6445    0.6297    0.6193    0.2838   0.05896   0.01081  0.009246
    76/399     11.7G   0.03948  0.007775  0.005505   0.05276        12       640    0.6518    0.6842     0.673    0.3114   0.05897   0.01025  0.008945
    77/399     11.7G   0.03965  0.007938  0.005612    0.0532         8       640     0.682    0.6634    0.6809    0.3174   0.05817    0.0105  0.009261
    78/399     11.7G   0.03978  0.007938  0.005549   0.05327         0       640    0.6716    0.6556    0.6742    0.3107   0.05735   0.01045  0.008941
    79/399     11.7G   0.03987  0.007831  0.005777   0.05348         2       640    0.6845    0.6551     0.675    0.3124   0.05748   0.01051  0.009082
    80/399     11.7G   0.04052  0.008046  0.006013   0.05458         1       640    0.7021    0.6079     0.654    0.2995   0.06048   0.01022  0.009701
    81/399     11.7G   0.03983  0.007917  0.005744   0.05349         0       640    0.6475    0.6461    0.6526    0.2972   0.06055   0.01057   0.01734
    82/399     11.7G   0.04033  0.008099  0.006065   0.05449         3       640    0.6915    0.6326    0.6643      0.31    0.0585   0.01046  0.008834
    83/399     11.7G   0.03976  0.007633  0.005522   0.05292         0       640     0.694    0.6495    0.6781    0.3177   0.05663   0.01064   0.00864
    84/399     11.7G   0.03939  0.007921  0.005741   0.05305         2       640    0.6746     0.641    0.6583    0.3055    0.0591   0.01031  0.009247
    85/399     11.7G   0.03932  0.007879  0.005353   0.05255        12       640    0.6974    0.6386     0.679    0.3165   0.05972   0.01006  0.008835
    86/399     11.7G   0.03912  0.007675  0.005441   0.05224         5       640    0.6585     0.696    0.6941    0.3216   0.05764   0.01029   0.00878
    87/399     11.7G    0.0393   0.00773  0.005417   0.05244         7       640    0.6667    0.6814    0.6934    0.3293   0.05717   0.01049  0.008509
    88/399     11.7G   0.03884  0.007825  0.005309   0.05198         2       640    0.6939    0.6484    0.6881     0.326   0.05664   0.01036  0.008217
    89/399     11.7G   0.03868  0.007652  0.005198   0.05153         0       640    0.6618    0.6943    0.6956    0.3274   0.05616    0.0104  0.008402
    90/399     11.7G    0.0387  0.007725  0.005272   0.05169         0       640    0.6768    0.6752     0.696    0.3282   0.05687   0.01023  0.008295
    91/399     11.7G   0.04019  0.008104  0.006203    0.0545         5       640    0.6578    0.6686    0.6869    0.3232    0.0563   0.01053  0.008629
    92/399     11.7G   0.03923  0.007929  0.005561   0.05272         7       640    0.7365    0.6377    0.7004    0.3314   0.05607   0.01047  0.008501
    93/399     11.7G   0.03884  0.007804  0.005308   0.05195         3       640    0.6898    0.6741    0.7013    0.3314   0.05571   0.01047  0.008326
    94/399     11.7G   0.03919  0.007716  0.005391    0.0523         3       640    0.6975    0.6855    0.7103    0.3451   0.05669   0.01021  0.008279
    95/399     11.7G   0.03842  0.007721  0.005151   0.05129         3       640     0.712    0.6691     0.707    0.3372   0.05669    0.0102  0.008135
    96/399     11.7G   0.03898  0.007804   0.00537   0.05216         1       640    0.7066    0.6592    0.6999    0.3314     0.056   0.01046  0.008612
    97/399     11.7G     0.039  0.007878   0.00542   0.05229         2       640    0.6812    0.6921    0.7089    0.3365   0.05724   0.01031  0.007925
    98/399     11.7G   0.03861  0.007694  0.005565   0.05187         7       640    0.7023    0.6521    0.7006    0.3384   0.05648   0.01027  0.008063
    99/399     11.7G    0.0386  0.007933  0.005316   0.05185         7       640    0.6923     0.679    0.7058     0.341   0.05585   0.01032    0.0079
   100/399     11.7G   0.03828  0.007698   0.00526   0.05123         5       640     0.714    0.6646    0.7084    0.3427   0.05592   0.01024  0.008026
   101/399     11.7G   0.03813  0.007542  0.004978   0.05065         4       640     0.699     0.686    0.7146    0.3472   0.05624   0.01025  0.008083
   102/399     11.7G   0.03832  0.007797  0.005075   0.05119         1       640    0.7213    0.6669    0.7151    0.3522   0.05598   0.01026  0.008248
   103/399     11.7G   0.03841  0.007742  0.005109   0.05126         4       640    0.6912    0.6855    0.7108    0.3458   0.05616   0.01027   0.00814
   104/399     11.7G   0.03819   0.00769  0.005277   0.05116         1       640    0.7337    0.6598    0.7179    0.3524   0.05544   0.01045  0.009786
   105/399     11.7G   0.03852  0.007721  0.004845   0.05108         2       640    0.7028     0.688    0.7158    0.3534   0.05478   0.01049  0.008489
   106/399     11.7G    0.0381  0.007635  0.005094   0.05083         1       640    0.6775     0.713    0.7216    0.3576   0.05391   0.01057   0.00789
   107/399     11.7G   0.03801  0.007669  0.005234   0.05092         2       640    0.7091    0.6792    0.7152     0.355   0.05402    0.0106  0.007884
   108/399     11.7G   0.03862   0.00769  0.005285   0.05159         3       640    0.7134    0.6797    0.7143    0.3496   0.05396    0.0107  0.008058
   109/399     11.7G   0.03842  0.007733  0.005264   0.05141         0       640    0.6937    0.6964     0.719    0.3548    0.0539    0.0106  0.008084
   110/399     11.7G   0.03836  0.007848  0.005072   0.05128         4       640    0.6813    0.7059    0.7224    0.3571   0.05371   0.01059   0.00809
   111/399     11.7G   0.03821  0.007576  0.005008    0.0508         1       640    0.7146    0.6885    0.7247    0.3586   0.05374   0.01062  0.008042
   112/399     11.7G   0.03768  0.007679  0.004997   0.05036         0       640    0.7299     0.684    0.7306    0.3587   0.05407   0.01059  0.007963
   113/399     11.7G   0.03789  0.007679  0.004805   0.05038         8       640     0.738    0.6773     0.731    0.3626    0.0544   0.01047  0.008012
   114/399     11.7G   0.03801   0.00762  0.004908   0.05054         2       640    0.7194    0.6818    0.7272    0.3581   0.05423   0.01054  0.008136
   115/399     11.7G   0.03813  0.007623  0.004963   0.05071         3       640    0.7066     0.687    0.7251    0.3612     0.054   0.01054  0.008143
   116/399     11.7G   0.03775  0.007659  0.005011   0.05042         2       640    0.6908    0.7109    0.7259    0.3644   0.05401   0.01045  0.008034
   117/399     11.7G   0.03758  0.007555  0.004929   0.05006         1       640    0.6968    0.6984    0.7317    0.3627   0.05438   0.01035  0.007845
   118/399     11.7G   0.03793  0.007693  0.004862   0.05048         9       640     0.684     0.714    0.7299    0.3652    0.0542   0.01033  0.008059
   119/399     11.7G   0.03764  0.007547  0.004861   0.05004         2       640    0.7155    0.6835    0.7274     0.365   0.05498   0.01018  0.008531
   120/399     11.7G   0.03783  0.007578  0.004642   0.05005         4       640    0.7027    0.7032    0.7293    0.3676   0.05443   0.01023  0.007961
   121/399     11.7G   0.03891  0.007972  0.005294   0.05218         1       640    0.7001    0.6792    0.7171    0.3521   0.05478   0.01029  0.007977
   122/399     11.7G    0.0384  0.007754  0.005267   0.05142         8       640    0.7185     0.675    0.7199    0.3506   0.05505   0.01034  0.007963
   123/399     11.7G   0.03799  0.007679  0.004912   0.05058         5       640    0.6939    0.6919    0.7059    0.3431   0.05489   0.01036   0.00776
   124/399     11.7G   0.03817  0.007755  0.005028   0.05095        10       640    0.7234    0.6832    0.7245    0.3584   0.05465   0.01035  0.007806
   125/399     11.7G   0.03799  0.007864  0.005116   0.05097         3       640    0.6861    0.7145    0.7244    0.3582   0.05486   0.01032    0.0077
   126/399     11.7G    0.0387  0.007819  0.005427   0.05195         2       640    0.6859    0.6853    0.7137    0.3524   0.05548    0.0106   0.01155
   127/399     11.7G   0.03768  0.007753  0.004855   0.05029         5       640    0.6882    0.6952     0.712    0.3532   0.05594   0.01051   0.01045
   128/399     11.7G   0.03747  0.007752  0.004703   0.04993         7       640    0.6738    0.7226    0.7194    0.3561   0.05522   0.01037  0.008403
   129/399     11.7G   0.03784  0.007573   0.00503   0.05044         4       640    0.6688     0.732     0.724    0.3622   0.05464   0.01037   0.00817
   130/399     11.7G   0.03767  0.007507   0.00461   0.04978         7       640    0.6732    0.7222     0.726    0.3644   0.05407   0.01045   0.00791
   131/399     11.7G    0.0372  0.007589  0.004697   0.04949         1       640    0.6827    0.7296    0.7301    0.3671   0.05388   0.01035  0.007873
   132/399     11.7G   0.03754  0.007538  0.004723    0.0498         7       640    0.6997    0.7231    0.7371    0.3702   0.05355   0.01038  0.007856
   133/399     11.7G   0.03732  0.007744  0.004829   0.04989         6       640    0.6943    0.7331    0.7395    0.3723   0.05353   0.01034  0.007822
   134/399     11.7G   0.03761  0.007672  0.004992   0.05027         8       640    0.7151    0.7095    0.7407    0.3765   0.05369    0.0103  0.007881
   135/399     11.7G   0.03757   0.00765  0.004951   0.05017         2       640    0.7116    0.7179    0.7413    0.3733   0.05369   0.01032  0.007801
   136/399     11.7G   0.03732  0.007696  0.004657   0.04967         6       640    0.6916     0.728     0.741     0.374   0.05343   0.01037  0.007743
   137/399     11.7G   0.03763  0.007566  0.004889   0.05009         8       640    0.7214    0.7027    0.7428    0.3746   0.05319   0.01036  0.007827
   138/399     11.7G    0.0374  0.007627  0.004577   0.04961         0       640    0.7003    0.7198    0.7383    0.3724   0.05337   0.01031  0.007673
   139/399     11.7G   0.03777  0.007682  0.004815   0.05027         0       640    0.6872    0.7246    0.7333    0.3689   0.05357   0.01032  0.007597
   140/399     11.7G   0.03754  0.007507  0.004916   0.04997         5       640    0.6727    0.7352    0.7342    0.3677   0.05397   0.01027  0.007702
   141/399     11.7G   0.03715  0.007398  0.004687   0.04923         1       640    0.6735    0.7378    0.7376     0.373   0.05409   0.01025  0.007789
   142/399     11.7G   0.03733  0.007531  0.004756   0.04962         0       640    0.6966    0.7169    0.7377    0.3736   0.05412   0.01021  0.007657
   143/399     11.7G   0.03685  0.007559  0.004647   0.04906         8       640     0.687    0.7253    0.7371    0.3753   0.05395   0.01023  0.007593
   144/399     11.7G   0.03739  0.007659  0.004703   0.04975         1       640     0.683    0.7309    0.7395    0.3795    0.0539   0.01022  0.007574
   145/399     11.7G   0.03706  0.007598  0.004465   0.04912         1       640    0.6959    0.7157    0.7382      0.38   0.05386   0.01023  0.007572
   146/399     11.7G   0.03669  0.007598  0.004348   0.04864         7       640    0.7066    0.7165    0.7413     0.381   0.05361   0.01025  0.007629
   147/399     11.7G   0.03674  0.007586  0.004654   0.04898         2       640    0.7057    0.7166    0.7415    0.3786   0.05338    0.0103  0.007871
   148/399     11.7G   0.03641  0.007587  0.004409    0.0484         2       640     0.693    0.7285    0.7425    0.3799    0.0531   0.01032  0.007743
   149/399     11.7G    0.0368  0.007446  0.004549   0.04879         3       640    0.7125    0.7194    0.7458    0.3832   0.05281   0.01034  0.007531
   150/399     11.7G   0.03684  0.007627    0.0047   0.04916         4       640    0.7126    0.7246    0.7451    0.3833   0.05271   0.01032  0.007396
   151/399     11.7G   0.03629  0.007451  0.004324   0.04806         7       640    0.7052    0.7308    0.7463     0.385   0.05275    0.0103  0.007412
   152/399     11.7G    0.0368  0.007574  0.004293   0.04867         2       640    0.7147     0.725    0.7475    0.3864   0.05281    0.0103  0.007408
   153/399     11.7G   0.03688  0.007571  0.004356   0.04881         1       640    0.7244    0.7196    0.7481    0.3883   0.05289   0.01029   0.00738
   154/399     11.7G   0.03661  0.007448  0.004314   0.04838         1       640    0.7373    0.7049    0.7489    0.3884     0.053   0.01024   0.00733
   155/399     11.7G   0.03654  0.007573  0.004384   0.04849        11       640    0.7183    0.7218    0.7502    0.3898   0.05317    0.0102  0.007268
   156/399     11.7G   0.03649  0.007467  0.004457   0.04842         7       640    0.7091    0.7354    0.7511    0.3906   0.05319   0.01015  0.007228
   157/399     11.7G   0.03642  0.007487  0.004435   0.04834         0       640    0.7493    0.6977    0.7518    0.3917   0.05325   0.01012  0.007199
   158/399     11.7G   0.03642  0.007446  0.004245   0.04811        16       640    0.7296    0.7186    0.7548    0.3931   0.05317   0.01014  0.007155
   159/399     11.7G   0.03653  0.007644  0.004372   0.04855         0       640    0.7251    0.7268    0.7558    0.3935   0.05315   0.01013  0.007155
   160/399     11.7G   0.03641  0.007547  0.004216   0.04818         0       640    0.7287    0.7242    0.7553    0.3951   0.05302   0.01014   0.00717
   161/399     11.7G   0.03628  0.007446  0.004424   0.04815         1       640    0.7352    0.7163    0.7545    0.3974   0.05299   0.01016  0.007207
   162/399     11.7G   0.03677   0.00756  0.004425   0.04876         2       640    0.7042     0.745    0.7565    0.3964     0.053   0.01016  0.007226
   163/399     11.7G   0.03613  0.007283  0.004356   0.04777         5       640    0.7029    0.7503     0.759     0.397   0.05291   0.01016  0.007264
   164/399     11.7G   0.03603  0.007414   0.00435    0.0478         8       640    0.6996    0.7544    0.7592    0.3974   0.05273   0.01017  0.007252
   165/399     11.7G   0.03614  0.007652  0.004301   0.04809         4       640    0.7054    0.7539     0.763    0.3985   0.05261   0.01019  0.007245
   166/399     11.7G   0.03621  0.007365  0.004166   0.04774         5       640    0.6964    0.7649    0.7655    0.4009   0.05243    0.0102  0.007181
   167/399     11.7G   0.03589  0.007578  0.004279   0.04775         0       640     0.704    0.7549    0.7673    0.4045   0.05227    0.0102  0.007082
   168/399     11.7G   0.03628  0.007384  0.004236    0.0479         2       640     0.716    0.7435    0.7668    0.4068   0.05191   0.01024  0.006986
   169/399     11.7G   0.03599  0.007479  0.004169   0.04764         2       640    0.7145    0.7447    0.7664    0.4076   0.05165   0.01026  0.006937
   170/399     11.7G   0.03578  0.007413  0.004021   0.04721         5       640    0.7109     0.748    0.7663    0.4054    0.0516   0.01027  0.006898
   171/399     11.7G   0.03619  0.007386  0.004104   0.04768         2       640    0.7166    0.7421    0.7661    0.4053   0.05154   0.01028  0.006877
   172/399     11.7G   0.03613  0.007347  0.004032   0.04751         8       640    0.7141     0.742    0.7646     0.406   0.05144   0.01028  0.006865
   173/399     11.7G   0.03632  0.007528  0.004278   0.04812         0       640    0.7212    0.7374    0.7672    0.4058    0.0513    0.0103  0.006879
   174/399     11.7G   0.03576  0.007482  0.004307   0.04755         0       640    0.7025    0.7563    0.7692    0.4058    0.0512   0.01032  0.006901
   175/399     11.7G   0.03576  0.007537  0.004232   0.04753         5       640    0.7248    0.7339    0.7699    0.4054   0.05099   0.01035  0.006897
   176/399     11.7G   0.03549  0.007525  0.003908   0.04692         2       640    0.7141    0.7441    0.7707    0.4053   0.05081   0.01039  0.006872
   177/399     11.7G   0.03542  0.007576  0.004031   0.04702         8       640    0.6973    0.7619    0.7696    0.4056    0.0507   0.01042  0.006868
   178/399     11.7G   0.03573  0.007429  0.003956   0.04712         3       640     0.699    0.7615    0.7707    0.4056   0.05066   0.01044  0.006923
   179/399     11.7G   0.03531  0.007397  0.003855   0.04656         5       640    0.7016    0.7635    0.7715    0.4065   0.05056   0.01047  0.006973
   180/399     11.7G   0.03516  0.007279  0.004099   0.04654         3       640    0.7041    0.7616    0.7724    0.4074    0.0505   0.01048  0.006998
   181/399     11.7G    0.0355  0.007409  0.004003   0.04691         5       640    0.7039    0.7652    0.7718    0.4082   0.05052   0.01049  0.007089
   182/399     11.7G   0.03591  0.007378  0.004024   0.04731         1       640    0.7147     0.756    0.7711    0.4095   0.05047   0.01052  0.007227
   183/399     11.7G   0.03563  0.007477  0.004098    0.0472         8       640    0.7061    0.7608    0.7705    0.4102   0.05053   0.01054  0.007397
   184/399     11.7G   0.03522  0.007409  0.004249   0.04687         5       640    0.7102    0.7588    0.7715    0.4118   0.05052   0.01054  0.007472
   185/399     11.7G   0.03537  0.007292  0.004081   0.04674         1       640    0.7089    0.7638    0.7715    0.4123   0.05047   0.01056  0.007552
   186/399     11.7G   0.03542  0.007176  0.003959   0.04656         0       640    0.7089    0.7616    0.7721    0.4114   0.05044   0.01057  0.007577
   187/399     11.7G   0.03512  0.007397  0.003751   0.04627         8       640    0.7234    0.7493    0.7725    0.4123    0.0504   0.01056  0.007459
   188/399     11.7G   0.03543  0.007441  0.003922   0.04679         3       640    0.7226    0.7508    0.7732    0.4123   0.05035   0.01055    0.0074
   189/399     11.7G   0.03567  0.007484    0.0039   0.04705         2       640    0.7082    0.7617    0.7722    0.4134   0.05024   0.01055  0.007288
   190/399     11.7G    0.0354  0.007455  0.004004   0.04686         5       640    0.7325    0.7372    0.7728    0.4139   0.05008   0.01052  0.007021
   191/399     11.7G   0.03529  0.007404  0.003746   0.04644         4       640    0.7243    0.7486    0.7737    0.4153   0.04999    0.0105  0.006878
   192/399     11.7G   0.03558  0.007597  0.004149   0.04732         3       640    0.7176    0.7579    0.7751    0.4167   0.04978   0.01046  0.006713
   193/399     11.7G   0.03514  0.007431  0.004032   0.04661         9       640    0.7172    0.7597     0.775    0.4163    0.0497   0.01043  0.006598
   194/399     11.7G   0.03484  0.007371  0.003814   0.04602         1       640    0.7226    0.7589     0.775    0.4159    0.0497   0.01042  0.006578
   195/399     11.7G   0.03482  0.007359  0.003715   0.04589         5       640    0.7319    0.7482    0.7754    0.4162   0.04969   0.01042  0.006549
   196/399     11.7G   0.03475  0.007336  0.003914     0.046         0       640    0.7302    0.7498    0.7762    0.4166   0.04967   0.01041  0.006515
   197/399     11.7G   0.03459  0.007317  0.003979   0.04589         5       640    0.7315    0.7509    0.7771    0.4165   0.04962   0.01041  0.006487
   198/399     11.7G   0.03493  0.007499  0.003791   0.04622         0       640     0.735    0.7485    0.7781    0.4168   0.04958    0.0104  0.006443
   199/399     11.7G   0.03477  0.007238  0.003885   0.04589         0       640    0.7345    0.7513    0.7788    0.4165   0.04952    0.0104   0.00641
   200/399     11.7G   0.03498  0.007163  0.003767   0.04591         1       640    0.7364    0.7542    0.7808    0.4174   0.04947   0.01039  0.006371
   201/399     11.7G   0.03505  0.007364  0.004031   0.04645         1       640    0.7376    0.7517    0.7802    0.4186   0.04946   0.01038  0.006341
   202/399     11.7G   0.03457  0.007437   0.00383   0.04584         5       640     0.735    0.7548    0.7816    0.4198   0.04942   0.01038  0.006324
   203/399     11.7G   0.03466  0.007349  0.003853   0.04587         1       640     0.727    0.7601    0.7807    0.4203    0.0494   0.01037  0.006304
   204/399     11.7G   0.03445  0.007195   0.00386    0.0455         3       640    0.7285    0.7619    0.7822    0.4213   0.04941   0.01035  0.006292
   205/399     11.7G   0.03429  0.007299  0.003724   0.04531         1       640    0.7287    0.7653    0.7831    0.4221    0.0494   0.01035  0.006277
   206/399     11.7G   0.03457   0.00725    0.0036   0.04542         3       640    0.7293    0.7636     0.783    0.4226   0.04941   0.01034  0.006264
   207/399     11.7G   0.03408  0.007184  0.003756   0.04502         2       640    0.7315    0.7626    0.7834    0.4227   0.04941   0.01033  0.006252
   208/399     11.7G   0.03442  0.007262  0.003752   0.04544         2       640    0.7368    0.7589    0.7842    0.4233    0.0494   0.01032  0.006243
   209/399     11.7G   0.03436  0.007195  0.003708   0.04527         6       640    0.7396    0.7588    0.7853    0.4239   0.04937   0.01032  0.006235
   210/399     11.7G   0.03402   0.00738  0.003492    0.0449         4       640    0.7394    0.7597    0.7857    0.4245   0.04933   0.01032  0.006221
   211/399     11.7G   0.03402  0.007264  0.003767   0.04505         7       640      0.73    0.7692    0.7863    0.4246   0.04928   0.01032  0.006205
   212/399     11.7G   0.03437  0.007177  0.003614   0.04516         4       640    0.7343    0.7637    0.7867    0.4248   0.04922   0.01032   0.00619
   213/399     11.7G   0.03467  0.007129  0.003754   0.04555         5       640    0.7284    0.7702    0.7873    0.4258   0.04916   0.01032  0.006174
   214/399     11.7G   0.03409  0.007137  0.003713   0.04494         1       640    0.7457    0.7515    0.7874    0.4269   0.04914   0.01032  0.006166
   215/399     11.7G   0.03436  0.007216  0.003795   0.04537         2       640    0.7494     0.749    0.7878    0.4278    0.0491   0.01032  0.006158
   216/399     11.7G   0.03369  0.007197  0.003603   0.04449         6       640    0.7453    0.7545    0.7881    0.4281   0.04908   0.01031  0.006147
   217/399     11.7G   0.03402  0.007235  0.003825   0.04508         2       640    0.7357    0.7659    0.7891    0.4287   0.04904   0.01031  0.006136
   218/399     11.7G   0.03349  0.007101  0.003473   0.04407         0       640    0.7473    0.7539    0.7891    0.4291   0.04902    0.0103  0.006121
   219/399     11.7G   0.03418  0.007121    0.0037     0.045         6       640    0.7506    0.7507    0.7893    0.4293     0.049    0.0103  0.006107
   220/399     11.7G    0.0339  0.007259    0.0036   0.04475         2       640    0.7558    0.7474    0.7897    0.4293   0.04896   0.01029  0.006095
   221/399     11.7G   0.03386  0.007101  0.003609   0.04457         0       640    0.7547    0.7518    0.7902     0.429   0.04893   0.01029  0.006084
   222/399     11.7G   0.03365  0.007128  0.003682   0.04446         7       640    0.7534    0.7537    0.7907    0.4291   0.04888    0.0103  0.006083
   223/399     11.7G   0.03355  0.007279  0.003709   0.04454         1       640    0.7542    0.7536    0.7916    0.4295   0.04885   0.01029  0.006079
   224/399     11.7G   0.03361  0.007126  0.003496   0.04423         4       640    0.7551    0.7537     0.792    0.4298   0.04881   0.01029  0.006072
   225/399     11.7G   0.03344  0.007167  0.003578   0.04419         5       640    0.7564    0.7537    0.7915    0.4303   0.04877   0.01029  0.006064
   226/399     11.7G   0.03339  0.007124  0.003336   0.04385         5       640    0.7529    0.7566    0.7927    0.4311   0.04875   0.01029  0.006053
   227/399     11.7G   0.03358  0.007134  0.003344   0.04406         7       640    0.7498    0.7609    0.7941    0.4313   0.04872   0.01028  0.006047
   228/399     11.7G   0.03329  0.007066   0.00344    0.0438         2       640    0.7521    0.7597    0.7939    0.4319   0.04869   0.01028  0.006041
   229/399     11.7G   0.03289  0.007109  0.003401    0.0434         3       640    0.7512    0.7612    0.7938    0.4325   0.04866   0.01028  0.006035
   230/399     11.7G   0.03331  0.007063  0.003622   0.04399         6       640    0.7513    0.7593    0.7939    0.4335   0.04863   0.01028  0.006027
   231/399     11.7G   0.03339  0.007221  0.003441   0.04405         3       640    0.7402    0.7721    0.7943    0.4331    0.0486   0.01029  0.006026
   232/399     11.7G   0.03336  0.007106  0.003476   0.04394         3       640      0.74    0.7723    0.7937    0.4336   0.04857   0.01029  0.006025
   233/399     11.7G   0.03346  0.007164  0.003363   0.04399         5       640    0.7396     0.774    0.7954     0.434   0.04855   0.01029  0.006026
   234/399     11.7G   0.03295  0.007099  0.003557   0.04361         1       640    0.7421    0.7731    0.7957    0.4344   0.04854   0.01028  0.006024
   235/399     11.7G   0.03273  0.007104  0.003265    0.0431         1       640    0.7414    0.7733    0.7955    0.4341   0.04852   0.01028  0.006018
   236/399     11.7G   0.03347  0.007036  0.003493     0.044         0       640    0.7444    0.7709    0.7958    0.4345   0.04849   0.01028  0.006019
   237/399     11.7G   0.03279  0.006994  0.003376   0.04316         2       640    0.7439    0.7699    0.7961    0.4348   0.04847   0.01028   0.00602
   238/399     11.7G   0.03281  0.007174  0.003274   0.04326         1       640    0.7447    0.7704    0.7967    0.4356   0.04844   0.01027   0.00602
   239/399     11.7G   0.03324   0.00712  0.003344   0.04371         2       640    0.7625    0.7532    0.7968    0.4361   0.04842   0.01027  0.006017
   240/399     11.7G   0.03304  0.007066  0.003256   0.04337         1       640    0.7453      0.77     0.797    0.4365   0.04839   0.01027  0.006013
   241/399     11.7G   0.03276  0.007112  0.003379   0.04325         2       640    0.7611    0.7547    0.7971    0.4365   0.04837   0.01027  0.006011
   242/399     11.7G   0.03288  0.007194  0.003355   0.04343         7       640    0.7603    0.7563    0.7972    0.4376   0.04834   0.01027  0.006007
   243/399     11.7G   0.03267  0.007013  0.003172   0.04285         5       640    0.7433    0.7715    0.7975     0.438   0.04831   0.01027  0.006004
   244/399     11.7G   0.03252  0.007155  0.003487   0.04316         1       640    0.7749    0.7437    0.7977    0.4382   0.04828   0.01027  0.006001
   245/399     11.7G   0.03258  0.007102  0.003304   0.04299         3       640    0.7637    0.7534     0.798    0.4384   0.04824   0.01027  0.006001
   246/399     11.7G   0.03279  0.007026  0.003303   0.04312         3       640    0.7635    0.7559    0.7985    0.4388   0.04821   0.01027  0.005999
   247/399     11.7G   0.03278  0.007111  0.003274   0.04317         5       640    0.7644    0.7559    0.7986    0.4387   0.04818   0.01027  0.005996
   248/399     11.7G   0.03309  0.007257  0.003346   0.04369         2       640    0.7657    0.7558    0.7993    0.4388   0.04816   0.01027  0.005998
   249/399     11.7G   0.03234   0.00704  0.003302   0.04268         3       640    0.7658    0.7559    0.7996    0.4393   0.04815   0.01027  0.005991
   250/399     11.7G   0.03265  0.007141   0.00347   0.04327         2       640    0.7575    0.7649    0.7997    0.4395   0.04813   0.01026  0.005984
   251/399     11.7G   0.03259  0.007012  0.003304   0.04291         6       640    0.7558    0.7662    0.7999    0.4399   0.04811   0.01026  0.005972
   252/399     11.7G   0.03226   0.00703  0.003204    0.0425         7       640    0.7585    0.7647    0.8001    0.4401   0.04808   0.01026  0.005956
   253/399     11.7G   0.03217   0.00702  0.003139   0.04233         5       640    0.7601    0.7638    0.8002    0.4409   0.04805   0.01026  0.005939
   254/399     11.7G    0.0324  0.007156  0.003347   0.04291         3       640    0.7577    0.7651       0.8    0.4418   0.04802   0.01026  0.005923
   255/399     11.7G   0.03243  0.007115  0.003237   0.04279         0       640    0.7552    0.7676    0.8001    0.4415   0.04799   0.01026  0.005908
   256/399     11.7G   0.03218  0.006929  0.003034   0.04214         6       640    0.7629    0.7605    0.8002    0.4422   0.04797   0.01026  0.005898
   257/399     11.7G   0.03194  0.007112  0.003152   0.04221        12       640     0.767    0.7576    0.8005    0.4423   0.04794   0.01026  0.005886
   258/399     11.7G   0.03212  0.007001  0.003228   0.04235         6       640    0.7669    0.7581    0.8012    0.4426   0.04791   0.01026  0.005876
   259/399     11.7G   0.03225  0.007089  0.003169   0.04251         5       640    0.7688    0.7574    0.8014    0.4429   0.04788   0.01026  0.005867
   260/399     11.7G   0.03195  0.007109  0.003019   0.04208        12       640    0.7651    0.7603    0.8019    0.4432   0.04786   0.01026  0.005861
   261/399     11.7G    0.0316  0.007068  0.003076   0.04174         3       640    0.7608     0.766    0.8019    0.4432   0.04785   0.01025  0.005856
   262/399     11.7G   0.03239  0.007054   0.00311   0.04256         0       640    0.7633    0.7644    0.8021    0.4436   0.04782   0.01025  0.005853
   263/399     11.7G   0.03198  0.006844   0.00322   0.04204         1       640    0.7634     0.765    0.8021    0.4441    0.0478   0.01025  0.005851
   264/399     11.7G   0.03165   0.00696  0.002913   0.04153         1       640    0.7647    0.7643    0.8023    0.4445   0.04777   0.01025  0.005848
   265/399     11.7G   0.03122  0.006817   0.00291   0.04095         0       640    0.7643    0.7644    0.8026     0.445   0.04774   0.01025  0.005842
   266/399     11.7G   0.03154  0.006984  0.003025   0.04155         4       640    0.7647    0.7648    0.8028    0.4449   0.04772   0.01025  0.005837
   267/399     11.7G   0.03202  0.007073  0.003297   0.04239         6       640    0.7641     0.765    0.8031    0.4456   0.04769   0.01025  0.005835
   268/399     11.7G   0.03169  0.007012  0.003342   0.04204         3       640    0.7656     0.764    0.8035    0.4458   0.04766   0.01025  0.005829
   269/399     11.7G   0.03155  0.007024  0.003113   0.04169         2       640    0.7599    0.7689    0.8037    0.4467   0.04764   0.01025  0.005826
   270/399     11.7G   0.03113  0.007052  0.002872   0.04105        10       640    0.7665    0.7634    0.8043    0.4469   0.04762   0.01025  0.005823
   271/399     11.7G   0.03141  0.006929  0.003161    0.0415        19       640    0.7466     0.784    0.8042    0.4467   0.04759   0.01025  0.005819
   272/399     11.7G   0.03165  0.006822  0.002882   0.04136         3       640    0.7522    0.7796    0.8051    0.4471   0.04756   0.01025  0.005813
   273/399     11.7G   0.03127  0.006828  0.002995   0.04109        10       640    0.7544    0.7786    0.8055    0.4473   0.04754   0.01025  0.005808
   274/399     11.7G    0.0313  0.006785  0.002999   0.04108         2       640    0.7673    0.7647    0.8058    0.4475   0.04751   0.01025  0.005805
   275/399     11.7G   0.03126  0.006816  0.002958   0.04103         3       640    0.7644    0.7674    0.8056    0.4475   0.04749   0.01025  0.005799
   276/399     11.7G    0.0314  0.006906  0.003025   0.04133         8       640    0.7652    0.7674    0.8059    0.4478   0.04747   0.01025  0.005793
   277/399     11.7G   0.03097   0.00692  0.003056   0.04095         5       640    0.7667    0.7687    0.8066    0.4481   0.04744   0.01024  0.005786
   278/399     11.7G   0.03096  0.006817  0.003123    0.0409         0       640    0.7675    0.7707    0.8079    0.4488   0.04742   0.01024  0.005778
   279/399     11.7G   0.03117  0.006879  0.002976   0.04103         6       640     0.765    0.7709    0.8072    0.4492   0.04739   0.01024   0.00577
   280/399     11.7G   0.03137  0.006957  0.003039   0.04137         7       640     0.766    0.7715    0.8078    0.4492   0.04737   0.01024  0.005763
   281/399     11.7G   0.03129  0.006937  0.003082   0.04131         2       640    0.7657    0.7732     0.808    0.4497   0.04735   0.01024  0.005756
   282/399     11.7G    0.0313  0.006768  0.003086   0.04115         2       640    0.7666    0.7722    0.8082    0.4502   0.04732   0.01023  0.005749
   283/399     11.7G   0.03099  0.006959  0.002916   0.04087         0       640    0.7663    0.7711    0.8084    0.4509    0.0473   0.01023  0.005742
   284/399     11.7G   0.03108  0.006804  0.002916    0.0408         1       640    0.7683    0.7698    0.8086    0.4507   0.04728   0.01023  0.005735
   285/399     11.7G   0.03054  0.006812   0.00282   0.04017         0       640    0.7684    0.7701    0.8089    0.4514   0.04725   0.01023  0.005727
   286/399     11.7G   0.03077  0.006718  0.002817   0.04031         6       640    0.7631    0.7747     0.809    0.4517   0.04723   0.01023  0.005719
   287/399     11.7G   0.03034  0.006761  0.002647   0.03975         1       640    0.7609    0.7777     0.809     0.452    0.0472   0.01023  0.005711
   288/399     11.7G    0.0307  0.006926  0.002925   0.04055         1       640    0.7624    0.7771    0.8092    0.4522   0.04718   0.01023  0.005705
   289/399     11.7G   0.03079  0.006773  0.002985   0.04055         6       640    0.7635    0.7769    0.8094    0.4527   0.04716   0.01022    0.0057
   290/399     11.7G   0.03082  0.006717  0.002932   0.04047         5       640    0.7633    0.7774    0.8094    0.4534   0.04714   0.01022  0.005695
   291/399     11.7G   0.03053  0.006777  0.002803   0.04011         8       640    0.7626    0.7791    0.8095    0.4536   0.04712   0.01022   0.00569
   292/399     11.7G   0.03058  0.006763  0.002977   0.04032         0       640    0.7622    0.7787    0.8097    0.4537   0.04711   0.01022  0.005686
   293/399     11.7G   0.03047  0.006901  0.002839   0.04021         1       640    0.7643    0.7755    0.8096    0.4537   0.04709   0.01021  0.005681
   294/399     11.7G   0.03024  0.006662  0.002744   0.03965         4       640    0.7663    0.7732    0.8098    0.4541   0.04707   0.01021  0.005675
   295/399     11.7G    0.0301  0.006681  0.002604   0.03938         6       640    0.7668    0.7728    0.8099    0.4544   0.04705   0.01021  0.005669
   296/399     11.7G   0.03033  0.006768  0.002885   0.03998         3       640    0.7646    0.7745      0.81    0.4543   0.04704   0.01021  0.005663
   297/399     11.7G   0.03021  0.006717    0.0027   0.03963         3       640    0.7648    0.7747    0.8101    0.4543   0.04702   0.01021  0.005659
   298/399     11.7G   0.03008  0.006785  0.002767   0.03963        10       640    0.7645    0.7753    0.8107    0.4544     0.047   0.01021  0.005652
   299/399     11.7G   0.02966  0.006607  0.002554   0.03882         1       640     0.765    0.7748    0.8109     0.455   0.04698    0.0102  0.005645
   300/399     11.7G   0.03028   0.00667  0.002762   0.03972         4       640     0.765    0.7748     0.811    0.4553   0.04696    0.0102  0.005638
   301/399     11.7G   0.02988  0.006779  0.002531   0.03919        10       640    0.7479    0.7925    0.8113    0.4553   0.04694    0.0102  0.005631
   302/399     11.7G   0.02977   0.00669  0.002704   0.03917         2       640    0.7656    0.7764    0.8113     0.455   0.04691    0.0102  0.005625
   303/399     11.7G   0.03003  0.006715  0.002704   0.03945         3       640    0.7671    0.7743    0.8114    0.4557    0.0469    0.0102  0.005618
   304/399     11.7G   0.03025  0.006873  0.002897   0.04002         1       640    0.7537    0.7879    0.8117    0.4561   0.04687    0.0102  0.005613
   305/399     11.7G   0.02977  0.006648  0.002676   0.03909         1       640    0.7526    0.7884    0.8118    0.4568   0.04685    0.0102  0.005607
   306/399     11.7G   0.03015  0.006771  0.002769   0.03969         6       640    0.7539    0.7875    0.8121    0.4568   0.04683    0.0102  0.005601
   307/399     11.7G   0.03009  0.006642  0.002622   0.03936         1       640    0.7543     0.787    0.8123    0.4571   0.04681   0.01019  0.005594
   308/399     11.7G   0.02984  0.006803  0.002744   0.03939         1       640    0.7537    0.7877    0.8125    0.4578   0.04678   0.01019  0.005589
   309/399     11.7G   0.02965  0.006562  0.002628   0.03884         3       640    0.7585    0.7825    0.8128    0.4578   0.04676   0.01019  0.005584
   310/399     11.7G   0.02961  0.006636  0.002692   0.03894         1       640    0.7585    0.7831    0.8129    0.4581   0.04675   0.01019  0.005578
   311/399     11.7G   0.02972  0.006654  0.002601   0.03898         7       640    0.7584    0.7837    0.8132    0.4583   0.04673   0.01019   0.00557
   312/399     11.7G   0.02939  0.006678  0.002532    0.0386         2       640    0.7581    0.7846    0.8133    0.4588   0.04671   0.01019  0.005564
   313/399     11.7G   0.02952  0.006634  0.002562   0.03871         1       640    0.7587     0.784    0.8129    0.4589    0.0467   0.01018  0.005559
   314/399     11.7G   0.02936  0.006662  0.002573   0.03859         2       640    0.7585     0.784    0.8131    0.4592   0.04668   0.01018  0.005553
   315/399     11.7G   0.02935   0.00671  0.002482   0.03855         4       640    0.7632    0.7805    0.8134    0.4588   0.04666   0.01018  0.005547
   316/399     11.7G   0.02933  0.006548  0.002524    0.0384         2       640    0.7587    0.7846    0.8135    0.4591   0.04664   0.01018  0.005541
   317/399     11.7G   0.02903  0.006633  0.002633   0.03829        11       640    0.7628    0.7823    0.8137    0.4593   0.04663   0.01018  0.005538
   318/399     11.7G   0.02869  0.006474  0.002375   0.03754         1       640    0.7621    0.7842    0.8138    0.4602   0.04661   0.01018  0.005533
   319/399     11.7G    0.0296   0.00674  0.002561    0.0389        18       640    0.7636     0.783    0.8141    0.4604   0.04659   0.01017  0.005528
   320/399     11.7G   0.02929  0.006562  0.002641    0.0385         2       640    0.7674    0.7785    0.8141    0.4607   0.04657   0.01017  0.005522
   321/399     11.7G    0.0293  0.006628  0.002474    0.0384         2       640    0.7671    0.7788    0.8141    0.4609   0.04655   0.01017  0.005515
   322/399     11.7G   0.02914  0.006562  0.002649   0.03835         2       640    0.7677    0.7781    0.8135    0.4608   0.04653   0.01017  0.005508
   323/399     11.7G   0.02916  0.006554  0.002478   0.03819         2       640    0.7664    0.7796    0.8138    0.4614   0.04651   0.01017  0.005502
   324/399     11.7G   0.02886  0.006702  0.002498   0.03806         2       640    0.7669    0.7787    0.8136    0.4618    0.0465   0.01017  0.005496
   325/399     11.7G   0.02888  0.006511  0.002563   0.03796         2       640    0.7667    0.7793    0.8141    0.4626   0.04648   0.01016   0.00549
   326/399     11.7G   0.02887  0.006664  0.002601   0.03813         6       640     0.767    0.7792    0.8142    0.4632   0.04645   0.01016  0.005484
   327/399     11.7G   0.02845  0.006532  0.002558   0.03754         3       640    0.7654    0.7814    0.8145    0.4632   0.04643   0.01016  0.005479
   328/399     11.7G   0.02883  0.006377  0.002535   0.03774         1       640    0.7644    0.7831    0.8147    0.4635   0.04641   0.01016  0.005474
   329/399     11.7G    0.0289  0.006637  0.002631   0.03817         1       640    0.7644    0.7837     0.815    0.4639   0.04639   0.01016   0.00547
   330/399     11.7G   0.02846   0.00659  0.002499   0.03755         7       640    0.7629    0.7856    0.8153    0.4645   0.04636   0.01016  0.005465
   331/399     11.7G   0.02861   0.00659  0.002433   0.03764         4       640    0.7651    0.7851    0.8153    0.4648   0.04634   0.01016   0.00546
   332/399     11.7G   0.02835  0.006426  0.002338   0.03712         6       640    0.7655    0.7855    0.8155    0.4648   0.04631   0.01016  0.005455
   333/399     11.7G   0.02835  0.006435   0.00235   0.03713         0       640    0.7664    0.7877    0.8158    0.4651   0.04629   0.01015   0.00545
   334/399     11.7G   0.02866  0.006472  0.002366    0.0375         4       640    0.7674    0.7872     0.816    0.4655   0.04627   0.01016  0.005444
   335/399     11.7G   0.02851  0.006493  0.002521   0.03752         1       640     0.766    0.7883    0.8162    0.4653   0.04626   0.01016   0.00544
   336/399     11.7G   0.02845   0.00654  0.002626   0.03762         3       640    0.7662    0.7883    0.8167    0.4656   0.04624   0.01015  0.005436
   337/399     11.7G   0.02816  0.006423   0.00225   0.03683         2       640    0.7664    0.7891    0.8168    0.4658   0.04622   0.01015  0.005432
   338/399     11.7G   0.02817  0.006434  0.002499    0.0371         5       640    0.7622    0.7932    0.8169     0.466   0.04619   0.01015  0.005428
   339/399     11.7G   0.02826  0.006384  0.002369   0.03702         1       640    0.7674    0.7885    0.8169    0.4666   0.04618   0.01015  0.005424
   340/399     11.7G   0.02836  0.006494  0.002465   0.03732         4       640    0.7631    0.7931    0.8171    0.4671   0.04616   0.01015  0.005421
   341/399     11.7G   0.02835  0.006505  0.002298   0.03715         7       640    0.7627    0.7937    0.8174    0.4673   0.04614   0.01015  0.005417
   342/399     11.7G   0.02818  0.006406  0.002365   0.03695         1       640    0.7681    0.7883    0.8175    0.4676   0.04612   0.01015  0.005414
   343/399     11.7G   0.02853  0.006415   0.00241   0.03736         3       640    0.7656    0.7907    0.8177    0.4682    0.0461   0.01014  0.005411
   344/399     11.7G    0.0282  0.006368  0.002301   0.03687         1       640     0.766    0.7906    0.8175    0.4685   0.04608   0.01014  0.005407
   345/399     11.7G   0.02806   0.00643  0.002468   0.03695         7       640    0.7652    0.7898    0.8176    0.4683   0.04606   0.01014  0.005405
   346/399     11.7G   0.02756  0.006406  0.002121   0.03608         4       640     0.764    0.7902    0.8178    0.4683   0.04604   0.01014  0.005402
   347/399     11.7G   0.02768  0.006362  0.002431   0.03648         4       640    0.7659    0.7893     0.818    0.4683   0.04601   0.01014  0.005401
   348/399     11.7G   0.02797  0.006447  0.002308   0.03672         1       640    0.7644    0.7899    0.8177    0.4686   0.04599   0.01014  0.005399
   349/399     11.7G   0.02754   0.00649  0.002198   0.03622         3       640    0.7642    0.7902    0.8183    0.4685   0.04597   0.01014  0.005397
   350/399     11.7G   0.02745  0.006441  0.002189   0.03608         8       640    0.7591    0.7958    0.8186    0.4692   0.04594   0.01014  0.005394
   351/399     11.7G   0.02781  0.006574   0.00232   0.03671         1       640    0.7616    0.7946    0.8192    0.4695   0.04592   0.01014  0.005391
   352/399     11.7G   0.02779  0.006452   0.00227   0.03651         9       640    0.7703    0.7873    0.8197    0.4698    0.0459   0.01014  0.005389
   353/399     11.7G   0.02772  0.006422  0.002352   0.03649         7       640    0.7587    0.7998    0.8195    0.4705   0.04587   0.01014  0.005387
   354/399     11.7G   0.02786  0.006357  0.002485    0.0367         0       640    0.7588    0.7998    0.8197    0.4702   0.04585   0.01014  0.005384
   355/399     11.7G   0.02744  0.006326   0.00223   0.03599         8       640    0.7618    0.7979    0.8197    0.4711   0.04583   0.01013  0.005381
   356/399     11.7G    0.0273  0.006272  0.002319   0.03589         5       640    0.7616    0.8002    0.8205    0.4715   0.04581   0.01013  0.005378
   357/399     11.7G   0.02775  0.006444  0.002265   0.03646        10       640    0.7635    0.7974    0.8205    0.4721   0.04578   0.01013  0.005374
   358/399     11.7G   0.02749  0.006321  0.002255   0.03607         1       640    0.7636    0.7965    0.8206    0.4727   0.04576   0.01013   0.00537
   359/399     11.7G   0.02747   0.00643  0.002441   0.03634         9       640    0.7642    0.7968    0.8213    0.4731   0.04573   0.01013  0.005367
   360/399     11.7G   0.02729  0.006454  0.002329   0.03607        12       640    0.7678    0.7933    0.8208    0.4737   0.04571   0.01013  0.005365
   361/399     11.7G    0.0275  0.006321  0.002262   0.03608         2       640     0.774    0.7871    0.8206    0.4745   0.04568   0.01013  0.005362
   362/399     11.7G   0.02709  0.006403  0.002165   0.03566         0       640    0.7731    0.7922    0.8217    0.4748   0.04565   0.01013  0.005358
   363/399     11.7G   0.02702  0.006339  0.002436    0.0358         0       640    0.7721    0.7917    0.8214    0.4756   0.04563   0.01013  0.005355
   364/399     11.7G   0.02712  0.006331  0.002211   0.03566         1       640     0.775    0.7892    0.8217    0.4755   0.04561   0.01013  0.005352
   365/399     11.7G   0.02714   0.00634  0.002226    0.0357         7       640    0.7751     0.789    0.8215    0.4766   0.04558   0.01013  0.005349
   366/399     11.7G   0.02692  0.006288   0.00224   0.03545         0       640    0.7739    0.7899    0.8217    0.4767   0.04556   0.01013  0.005347
   367/399     11.7G   0.02723  0.006292  0.002272   0.03579         1       640    0.7704    0.7949    0.8225    0.4772   0.04554   0.01013  0.005346
   368/399     11.7G   0.02708   0.00635  0.002159   0.03559         2       640    0.7846    0.7808    0.8227    0.4775   0.04552   0.01013  0.005344
   369/399     11.7G   0.02711  0.006257  0.002317   0.03568         2       640    0.7653    0.8019     0.823    0.4776    0.0455   0.01013  0.005342
   370/399     11.7G   0.02747  0.006291    0.0023   0.03606         4       640    0.7654    0.8018    0.8231    0.4771   0.04547   0.01013  0.005338
   371/399     11.7G   0.02688  0.006308  0.002121    0.0353         6       640    0.7694    0.7992    0.8234    0.4776   0.04545   0.01012  0.005336
   372/399     11.7G   0.02697  0.006401  0.002193   0.03556         1       640    0.7717    0.7977    0.8236    0.4781   0.04542   0.01012  0.005332
   373/399     11.7G    0.0269  0.006327  0.002089   0.03531         2       640    0.7717    0.7983    0.8238    0.4781    0.0454   0.01012   0.00533
   374/399     11.7G   0.02705  0.006243  0.002087   0.03538         0       640    0.7722    0.7995    0.8236    0.4782   0.04538   0.01012  0.005326
   375/399     11.7G   0.02684  0.006197  0.002017   0.03506        10       640     0.772    0.7996     0.824    0.4787   0.04535   0.01012  0.005323
   376/399     11.7G   0.02705  0.006261  0.002286    0.0356         4       640    0.7722    0.7995    0.8244     0.479   0.04533   0.01012  0.005319
   377/399     11.7G   0.02703  0.006411   0.00226    0.0357         2       640    0.7719    0.7999    0.8241    0.4795   0.04531   0.01012  0.005316
   378/399     11.7G   0.02661  0.006158  0.002106   0.03487         2       640    0.7706    0.8002    0.8249    0.4799   0.04528   0.01012  0.005315
   379/399     11.7G   0.02698  0.006326  0.002146   0.03545         6       640    0.7687     0.803    0.8251    0.4802   0.04526   0.01012  0.005312
   380/399     11.7G   0.02689  0.006372  0.002322   0.03559         7       640    0.7688    0.8033    0.8253    0.4808   0.04524   0.01011   0.00531
   381/399     11.7G   0.02653  0.006238  0.002071   0.03484         2       640    0.7685    0.8041    0.8252     0.481   0.04522   0.01011  0.005308
   382/399     11.7G   0.02665  0.006265  0.002137   0.03505         6       640    0.7702     0.803    0.8255    0.4813   0.04519   0.01011  0.005305
   383/399     11.7G   0.02643  0.006231  0.002077   0.03474         5       640    0.7696    0.8041    0.8257    0.4817   0.04517   0.01011  0.005302
   384/399     11.7G   0.02659  0.006191   0.00218   0.03496        11       640    0.7694    0.8048     0.826    0.4823   0.04514   0.01011    0.0053
   385/399     11.7G   0.02657  0.006181   0.00217   0.03492         1       640    0.7683    0.8059    0.8262    0.4825   0.04512   0.01011  0.005297
   386/399     11.7G   0.02681  0.006394  0.002109   0.03531         2       640    0.7688    0.8063    0.8264    0.4825    0.0451   0.01011  0.005295
   387/399     11.7G   0.02685  0.006147  0.002049   0.03505         1       640    0.7925    0.7833    0.8265    0.4831   0.04507   0.01011  0.005292
   388/399     11.7G   0.02659  0.006208  0.002115   0.03491         2       640    0.7917    0.7837    0.8268    0.4834   0.04505    0.0101   0.00529
   389/399     11.7G   0.02626  0.006306  0.002224   0.03479         0       640    0.7906    0.7847    0.8269    0.4837   0.04503    0.0101  0.005287
   390/399     11.7G   0.02615   0.00621  0.002006   0.03437         2       640    0.7924    0.7834    0.8271    0.4842     0.045    0.0101  0.005285
   391/399     11.7G   0.02624  0.006241  0.002028   0.03451         3       640    0.7916    0.7833     0.827    0.4847   0.04498    0.0101  0.005281
   392/399     11.7G   0.02678   0.00625  0.002183   0.03522         5       640    0.7908    0.7845    0.8273     0.485   0.04496    0.0101  0.005279
   393/399     11.7G   0.02672  0.006216  0.002159    0.0351         2       640    0.7955     0.781     0.827    0.4846   0.04493    0.0101  0.005278
   394/399     11.7G   0.02644  0.006209  0.002069   0.03472         8       640    0.7954     0.781    0.8276    0.4862   0.04491    0.0101  0.005276
   395/399     11.7G    0.0265  0.006075   0.00208   0.03465         2       640    0.7949    0.7804    0.8274    0.4859   0.04489    0.0101  0.005274
   396/399     11.7G   0.02681  0.006171  0.002261   0.03525         2       640    0.7969    0.7804    0.8274    0.4863   0.04486    0.0101  0.005271
   397/399     11.7G   0.02647  0.006324  0.002172   0.03497         0       640    0.7975      0.78    0.8277     0.487   0.04484    0.0101  0.005268
   398/399     11.7G   0.02691  0.006313  0.002137   0.03536         3       640    0.7988    0.7798    0.8284    0.4875   0.04482    0.0101  0.005264
   399/399     11.7G   0.02627  0.006169  0.002003   0.03444         7       640    0.7883    0.7906    0.8284    0.4887   0.04479   0.01009   0.00526
