     0/399     17.3G   0.06409    0.0115   0.01803   0.09363         0       640     0.428   0.09284   0.07563   0.01952   0.08048   0.01192   0.01723
     1/399     17.3G   0.05542  0.009195   0.01239   0.07701         1       640    0.2654    0.2732    0.1946   0.06243   0.08338   0.01083   0.01485
     2/399     17.3G   0.05822  0.007654   0.01164   0.07752         4       640    0.1589    0.2102   0.07338   0.01897   0.08789   0.01116   0.01626
     3/399     17.3G   0.05516  0.007472   0.01101   0.07364         2       640    0.3875    0.3163    0.2333    0.0756    0.0895   0.01019   0.01654
     4/399     17.3G   0.05293  0.007647   0.01008   0.07066         4       640    0.4846    0.3149    0.3246    0.1059     0.097  0.009116   0.01863
     5/399     17.3G   0.05072  0.007514  0.009694   0.06793         8       640    0.4919    0.4199    0.3689    0.1296   0.08194  0.009764   0.01226
     6/399     17.3G   0.04974  0.007687  0.009491   0.06692         2       640    0.4702    0.4797    0.4252    0.1673   0.08273  0.009546   0.01185
     7/399     17.3G   0.04753  0.007604  0.008769   0.06391         1       640    0.5484    0.4847    0.4622    0.1851   0.07647  0.009998   0.01193
     8/399     17.3G   0.04696  0.007918   0.00843   0.06331        10       640     0.555     0.511    0.4927    0.1944   0.07151   0.01065   0.01177
     9/399     17.3G   0.04588  0.008053  0.007966    0.0619         7       640    0.5655    0.5194    0.4825    0.1889   0.06765   0.01096   0.01129
    10/399     17.3G   0.04535  0.008218  0.008024   0.06159         5       640    0.4774    0.3537    0.3224     0.126   0.07281   0.01241   0.01336
    11/399     17.3G   0.04499  0.008235  0.008116   0.06134         7       640    0.5749    0.4986      0.48    0.1882   0.06721   0.01094   0.01122
    12/399     17.3G   0.04482   0.00812  0.007749   0.06069         0       640    0.6385    0.5591    0.5461    0.2219   0.06642   0.01042   0.01028
    13/399     17.3G   0.04397  0.008007  0.007407   0.05939         4       640     0.598    0.5763    0.5512    0.2287   0.06544   0.01067   0.01011
    14/399     17.3G    0.0437  0.008155   0.00731   0.05917         5       640    0.6158    0.5449    0.5382    0.2162   0.06541   0.01026   0.01026
    15/399     17.3G   0.04388  0.008082    0.0075   0.05947         7       640    0.5836    0.5562    0.5446    0.2322   0.06446    0.0108   0.01043
    16/399     17.3G   0.04313  0.008036   0.00747   0.05864         3       640    0.6472    0.5787    0.5727    0.2343   0.06498    0.0103   0.01026
    17/399     17.3G   0.04258  0.008111  0.007039   0.05773         2       640    0.6156    0.5648    0.5713    0.2463   0.06375   0.01042    0.0105
    18/399     17.3G     0.043  0.007973  0.007123    0.0581         4       640    0.5492    0.4869    0.4677    0.1892   0.06522   0.01106   0.01138
    19/399     17.3G   0.04259  0.008022  0.007043   0.05766         5       640    0.6027    0.5575    0.5591    0.2369    0.0657   0.01035  0.009969
    20/399     17.3G   0.04269  0.008074  0.006916   0.05768         4       640     0.617    0.5904    0.5807     0.247   0.06377   0.01011   0.01003
    21/399     17.3G   0.04216  0.007813  0.006875   0.05685         7       640    0.6436    0.5851    0.5916    0.2529    0.0629   0.01013   0.01006
    22/399     17.3G   0.04176  0.008027  0.006856   0.05664         0       640    0.6693    0.5836    0.6053    0.2661   0.06333    0.0103   0.01005
    23/399     17.3G   0.04219  0.008011  0.006798     0.057         1       640    0.5924     0.583    0.5789     0.249   0.06348   0.01019  0.009855
    24/399     17.3G   0.04215  0.007911   0.00651   0.05657         2       640    0.6542    0.6155    0.6194    0.2717   0.06394  0.009735  0.009964
    25/399     17.3G   0.04174  0.007812  0.006419   0.05597         6       640    0.6573    0.5868    0.6199     0.268   0.06257    0.0103   0.01034
    26/399     17.3G   0.04132  0.007892  0.006347   0.05556         6       640    0.6228    0.6183    0.6172    0.2666    0.0624   0.01005  0.009909
    27/399     17.3G   0.04184  0.007649  0.006462   0.05595         2       640    0.6406    0.6088    0.6208    0.2661    0.0627  0.009967  0.009558
    28/399     17.3G   0.04128  0.007923   0.00634   0.05555         0       640    0.6391    0.6074    0.6107    0.2671   0.06292  0.009879   0.01022
    29/399     17.3G   0.04127  0.007791  0.006537    0.0556         5       640    0.6647    0.6078    0.6287    0.2742   0.06343  0.009721  0.009663
    30/399     17.3G   0.04133  0.007817  0.006349   0.05549         2       640    0.6046    0.6376    0.6223    0.2744   0.06342  0.009802   0.01015
    31/399     17.3G   0.04105  0.007859  0.006282   0.05519         1       640    0.6595    0.5931    0.6165    0.2729   0.06378  0.009815   0.01003
    32/399     17.3G   0.04062  0.007687  0.006272   0.05458         5       640     0.641    0.6613    0.6446    0.2885   0.06448  0.009277  0.009927
    33/399     17.3G   0.04061  0.007784  0.006123   0.05452         0       640    0.6442    0.6537    0.6529    0.2989   0.06279  0.009853  0.009484
    34/399     17.3G   0.04052   0.00778  0.005948   0.05424         0       640    0.6273    0.6204    0.6178    0.2782   0.06408  0.009684   0.00974
    35/399     17.3G    0.0406  0.007746  0.006013   0.05435        14       640     0.707     0.579    0.6395    0.2905   0.06353  0.009831  0.009464
    36/399     17.3G   0.04055  0.007789  0.005782   0.05412         3       640    0.6337    0.6368    0.6465    0.2883   0.06279  0.009643  0.009374
    37/399     17.3G    0.0404  0.007587   0.00571   0.05369         0       640    0.6318    0.6481    0.6519    0.2953   0.06233  0.009787  0.009449
    38/399     17.3G   0.04067  0.007651  0.005925   0.05425         1       640    0.6733    0.6087    0.6539    0.2943   0.06185  0.009805  0.009179
    39/399     17.3G   0.04031  0.007841  0.005785   0.05393        10       640    0.6577     0.616    0.6453    0.2958   0.06146  0.009961  0.009064
    40/399     17.3G   0.04045  0.007912  0.006261   0.05463         1       640    0.6597    0.6662    0.6664    0.3166   0.06214  0.009563  0.009615
    41/399     17.3G   0.04023  0.007618  0.005661   0.05351         8       640    0.6837    0.6319    0.6668    0.3063     0.062  0.009754  0.008875
    42/399     17.3G    0.0402  0.007728  0.005742   0.05367         5       640    0.6284    0.6417     0.648    0.2888   0.06379  0.009472  0.009721
    43/399     17.3G   0.04024  0.007675  0.005852   0.05377         9       640    0.6296    0.6429    0.6484     0.287   0.06168  0.009763  0.009052
    44/399     17.3G   0.04034  0.007729  0.006043   0.05411         0       640    0.6587    0.6191    0.6543    0.2932   0.06149  0.009952  0.008924
    45/399     17.3G   0.04024  0.007747  0.005594   0.05358         7       640    0.6926    0.6058    0.6582    0.3091   0.06064   0.01001   0.00894
    46/399     17.3G   0.04008  0.007781  0.005594   0.05346         2       640    0.6158    0.6845    0.6617    0.3017   0.06111  0.009667  0.009175
    47/399     17.3G   0.04054  0.007774  0.006142   0.05445         3       640     0.704    0.6002    0.6475    0.2974   0.06137  0.009866  0.009349
    48/399     17.3G   0.04005  0.007584  0.005841   0.05348         4       640    0.6383    0.6621    0.6644    0.3029     0.061  0.009644  0.009413
    49/399     17.3G   0.04005  0.007733  0.005639   0.05342         2       640    0.6166    0.6525    0.6534    0.2987   0.06134  0.009599  0.009046
    50/399     17.3G   0.04012  0.007798  0.005842   0.05376         0       640    0.6336    0.6549    0.6543    0.3012   0.06123  0.009717   0.00909
    51/399     17.3G   0.03942   0.00762  0.005621   0.05267         5       640    0.6255    0.6772     0.663    0.3021   0.06027  0.009834  0.008533
    52/399     17.3G   0.03961  0.007646   0.00553   0.05279         2       640    0.6375    0.6735    0.6573    0.3054   0.06057  0.009632  0.008415
    53/399     17.3G   0.03945   0.00748  0.005585   0.05251         2       640    0.6838    0.6463    0.6804    0.3142   0.05975  0.009864  0.008652
    54/399     17.3G   0.03975  0.007716  0.005693   0.05316         6       640    0.6964     0.639    0.6862    0.3209   0.05999  0.009838  0.008929
    55/399     17.3G   0.03955  0.007661  0.005433   0.05265         7       640    0.6965    0.6367    0.6773    0.3205   0.05948  0.009699  0.008503
    56/399     17.3G   0.03937  0.007533  0.005469   0.05237         5       640    0.6834    0.6319    0.6611    0.3137   0.05906  0.009924  0.008972
    57/399     17.3G   0.03929  0.007576  0.005531   0.05239         1       640      0.68    0.6486      0.68    0.3073   0.05999  0.009624  0.008611
    58/399     17.3G   0.03949   0.00777  0.005662   0.05292         4       640    0.7095    0.6512    0.6958    0.3331   0.05952  0.009758  0.008651
    59/399     17.3G   0.03922   0.00753  0.005401   0.05215         5       640    0.6902    0.6562    0.6928    0.3253   0.05989  0.009759  0.008492
    60/399     17.3G   0.03906  0.007497  0.005321   0.05188         1       640    0.6489    0.7012    0.6954    0.3224   0.05937  0.009822  0.008675
    61/399     17.3G   0.03896  0.007481  0.005483   0.05193         3       640    0.6904    0.6575    0.6949    0.3338   0.05879   0.01002  0.008516
    62/399     17.3G   0.03888  0.007478  0.005429   0.05178         0       640    0.6659    0.6729    0.6935    0.3325   0.06005  0.009879  0.008433
    63/399     17.3G   0.03901  0.007679  0.005499   0.05219         1       640    0.6913    0.6403    0.6891    0.3234   0.06011  0.009791  0.008327
    64/399     17.3G   0.03886  0.007499  0.005164   0.05152         1       640    0.6977    0.6704    0.6933     0.325   0.05892   0.00994  0.008325
    65/399     17.3G   0.03919  0.007551  0.005232   0.05198         7       640    0.7423    0.6453    0.7009    0.3325   0.05924  0.009849  0.008583
    66/399     17.3G   0.03878  0.007555  0.005205   0.05154         3       640    0.6486    0.6806    0.6926    0.3205   0.05932  0.009764  0.008355
    67/399     17.3G   0.03871  0.007613  0.005163   0.05149         0       640     0.697    0.6757    0.7077    0.3396   0.05907  0.009737  0.008309
    68/399     17.3G   0.03924  0.007642  0.005334   0.05222         3       640     0.731     0.643    0.7055    0.3363    0.0593  0.009714    0.0087
    69/399     17.3G   0.03903   0.00749  0.005152   0.05167         4       640    0.6681    0.6866    0.7032    0.3394   0.05812  0.009894  0.008183
    70/399     17.3G   0.03886  0.007588  0.005153   0.05161         3       640    0.6867    0.6517    0.6737    0.3231    0.0574   0.01009  0.008598
    71/399     17.3G   0.03916  0.007679  0.005244   0.05208         2       640    0.6989    0.6829    0.7081     0.341   0.05746  0.009926  0.008959
    72/399     17.3G   0.03872  0.007606  0.005159   0.05148         8       640    0.7005    0.6643    0.6962    0.3342   0.05738  0.009923  0.008781
    73/399     17.3G   0.03816   0.00757  0.004903   0.05063         0       640    0.6776    0.6895    0.7033    0.3356   0.05755  0.009875  0.007836
    74/399     17.3G   0.03877  0.007542  0.005005   0.05131         4       640    0.7028    0.6716    0.7019    0.3428   0.05749  0.009941  0.008309
    75/399     17.3G    0.0388   0.00767  0.005054   0.05153         4       640    0.6965    0.6852    0.7195     0.349   0.05779  0.009785  0.007996
    76/399     17.3G   0.03844  0.007541  0.005125   0.05111         3       640    0.6533     0.712    0.7033    0.3391   0.05705  0.009929  0.008122
    77/399     17.3G   0.03841  0.007402   0.00496   0.05077         2       640    0.6952    0.6787    0.7078    0.3389   0.05735   0.00985  0.007963
    78/399     17.3G   0.03836   0.00759  0.005027   0.05098         0       640    0.6296    0.7281    0.7099    0.3453   0.05769  0.009775  0.008144
    79/399     17.3G    0.0384  0.007474  0.005107   0.05098         3       640    0.7084    0.6772    0.7153    0.3543   0.05705  0.009834  0.008032
    80/399     17.3G   0.03861  0.007403  0.005101   0.05111         3       640    0.6453    0.7167    0.7019    0.3366   0.05694  0.009857  0.007968
    81/399     17.3G   0.03868  0.007653  0.004803   0.05114         1       640    0.7069    0.6842    0.7198    0.3487   0.05653  0.009966  0.007932
    82/399     17.3G   0.03768  0.007622  0.004731   0.05004         1       640    0.6552     0.709    0.7076    0.3389   0.05648  0.009929  0.007823
    83/399     17.7G    0.0383  0.007428   0.00509   0.05082         0       640    0.6864    0.6877    0.7075    0.3416   0.05784  0.009799  0.007902
    84/399     17.7G   0.03817  0.007518  0.004975   0.05066         1       640    0.6758    0.7107    0.7174    0.3505   0.05776  0.009642  0.007915
    85/399     17.7G   0.03852  0.007454   0.00474   0.05072         4       640    0.7049    0.6879    0.7206    0.3488    0.0574  0.009802  0.008173
    86/399     17.7G   0.03791  0.007419  0.004702   0.05003         2       640    0.6914    0.7093    0.7276    0.3571   0.05658  0.009893  0.008047
    87/399     17.7G   0.03817  0.007545  0.004567   0.05028         4       640    0.6854    0.7197    0.7343     0.369   0.05651  0.009789  0.008184
    88/399     17.7G    0.0381  0.007482  0.004892   0.05047         8       640    0.7004     0.713    0.7237    0.3583   0.05662  0.009756  0.007947
    89/399     17.7G   0.03806  0.007421  0.004941   0.05042         2       640    0.6976    0.7083    0.7264    0.3605    0.0553   0.01003   0.00767
    90/399     17.7G   0.03768  0.007361  0.004818   0.04986         1       640    0.7028    0.7018    0.7276    0.3628   0.05528   0.01006  0.007927
    91/399     17.7G   0.03827  0.007554  0.004906   0.05073        10       640    0.6877    0.7026    0.7268    0.3577   0.05645  0.009877  0.007913
    92/399     17.7G    0.0379  0.007449   0.00479   0.05014         7       640    0.7189    0.6966    0.7348    0.3657   0.05625   0.00985  0.007552
    93/399     17.7G   0.03794  0.007568  0.004864   0.05038         5       640    0.7452    0.6886    0.7409    0.3739   0.05533  0.009994  0.007546
    94/399     17.7G   0.03755  0.007508  0.004855   0.04991         7       640    0.7132    0.7051    0.7357    0.3699   0.05518      0.01  0.007744
    95/399     17.7G   0.03747  0.007426  0.004458   0.04935         0       640    0.7152    0.7133     0.743      0.37   0.05571  0.009879  0.007722
    96/399     17.7G   0.03732  0.007277  0.004683   0.04928         4       640    0.7204    0.6955    0.7396    0.3736   0.05624   0.00984  0.007625
    97/399     17.7G   0.03738  0.007422  0.004413   0.04921         5       640    0.7244    0.6964    0.7384    0.3737   0.05607  0.009851  0.007371
    98/399     17.7G   0.03742  0.007339  0.004528   0.04929         7       640    0.6973    0.7234    0.7456    0.3795   0.05542   0.01001  0.007387
    99/399     17.7G   0.03731  0.007456  0.004909   0.04967         3       640    0.7316    0.7071    0.7435    0.3742   0.05457   0.01011  0.007337
   100/399     17.7G   0.03725  0.007568  0.004692   0.04951         2       640    0.7048     0.711    0.7341    0.3647    0.0548  0.009969  0.007279
   101/399     17.7G   0.03765  0.007361  0.004746   0.04975         4       640    0.7185    0.7101    0.7375    0.3719   0.05469  0.009987  0.007417
   102/399     17.7G   0.03703  0.007377  0.004427   0.04883         5       640    0.7105    0.7221    0.7454    0.3812   0.05452  0.009994   0.00742
   103/399     17.7G   0.03719  0.007543  0.004606   0.04934         4       640    0.7198    0.7204    0.7474    0.3828   0.05428  0.009984  0.007422
   104/399     17.7G   0.03687  0.007293  0.004368   0.04853         7       640    0.7302    0.7121     0.748    0.3799   0.05411   0.01005  0.007326
   105/399     17.7G   0.03675   0.00755   0.00448   0.04878         0       640    0.7164    0.7263    0.7491    0.3806   0.05419   0.01011  0.007434
   106/399     17.7G   0.03717  0.007454  0.004584   0.04921         1       640    0.7296    0.7112    0.7494    0.3832   0.05418   0.00996  0.007146
   107/399     17.7G   0.03721  0.007422  0.004279   0.04891         2       640    0.7294    0.7131    0.7515    0.3889   0.05415  0.009948  0.006946
   108/399     17.7G   0.03718  0.007383  0.004342   0.04891         6       640    0.7195    0.7357    0.7564    0.3861   0.05383   0.01002  0.007134
   109/399     17.7G   0.03669   0.00742  0.004432   0.04854         6       640    0.7001    0.7373    0.7528     0.383    0.0542  0.009899  0.007098
   110/399     17.7G   0.03693  0.007278  0.004629   0.04884         2       640     0.738     0.711    0.7564    0.3845   0.05416  0.009908  0.006949
   111/399     17.7G    0.0368   0.00751  0.004446   0.04875         0       640    0.7029    0.7487    0.7542    0.3851   0.05383   0.01001  0.006992
   112/399     17.7G   0.03702  0.007404  0.004483   0.04891         5       640    0.7149    0.7238    0.7539    0.3841   0.05336  0.009945   0.00708
   113/399     17.7G   0.03661  0.007415  0.004356   0.04838         2       640    0.7345    0.7146    0.7577    0.3908   0.05322  0.009947  0.007215
   114/399     17.7G   0.03698  0.007433  0.004324   0.04873         1       640    0.7173    0.7258    0.7551     0.386   0.05316   0.01005  0.007275
   115/399     17.7G   0.03633  0.007218   0.00417   0.04772         5       640    0.7331    0.7207    0.7591    0.3901   0.05297   0.01004  0.007375
   116/399     17.7G   0.03642  0.007361  0.004127    0.0479         0       640    0.7424       0.7    0.7563    0.3897   0.05285   0.01007  0.007127
   117/399     17.7G   0.03643  0.007351  0.004085   0.04787         0       640    0.7315    0.7161     0.757    0.3899   0.05277   0.01006  0.007074
   118/399     17.7G   0.03655  0.007335  0.004078   0.04796        14       640    0.7696    0.6919    0.7642     0.395   0.05285  0.009989  0.006966
   119/399     17.7G   0.03678  0.007352  0.004241   0.04838         3       640    0.7408    0.7195    0.7663    0.3996   0.05289  0.009974  0.007223
   120/399     17.7G   0.03657  0.007162  0.004105   0.04784         0       640    0.7335    0.7315    0.7663    0.4013   0.05271   0.00998  0.007147
   121/399     17.7G   0.03652  0.007313  0.004388   0.04822         1       640    0.7418    0.7275    0.7659    0.4029   0.05281   0.00994  0.007224
   122/399     17.7G   0.03624   0.00743  0.004086   0.04776        10       640    0.7234    0.7424    0.7686    0.4031   0.05292  0.009866  0.006957
   123/399     17.7G   0.03627  0.007481    0.0044   0.04815         1       640     0.743    0.7341    0.7698    0.4061   0.05297  0.009767  0.007022
   124/399     17.7G   0.03609  0.007258  0.004039   0.04739         8       640    0.7483    0.7309    0.7719    0.4083   0.05312  0.009774  0.006917
   125/399     17.7G   0.03609  0.007378  0.004055   0.04753         5       640    0.7265    0.7492    0.7733    0.4069   0.05309  0.009827  0.007033
   126/399     17.7G   0.03619  0.007265  0.004201   0.04765         9       640    0.7309    0.7446    0.7758    0.4103   0.05295  0.009813  0.006953
   127/399     17.7G   0.03629  0.007385  0.004479   0.04816         0       640    0.7425    0.7296    0.7744    0.4074   0.05262  0.009862  0.007005
   128/399     17.7G   0.03611  0.007365    0.0041   0.04757         7       640    0.7469    0.7258    0.7715    0.4076   0.05236  0.009946  0.006786
   129/399     17.7G   0.03609  0.007415  0.003938   0.04745         2       640    0.7409    0.7252    0.7707    0.4061   0.05229  0.009934  0.006816
   130/399     17.7G   0.03627  0.007343  0.004263   0.04787         3       640    0.7281    0.7345    0.7659    0.4038   0.05232  0.009921  0.006856
   131/399     17.7G   0.03572  0.007173  0.004193   0.04708         4       640    0.7391    0.7292    0.7682    0.4082   0.05219  0.009853  0.006685
   132/399     17.7G   0.03595  0.007344   0.00396   0.04726         2       640    0.7552    0.7218    0.7732    0.4122   0.05207  0.009817  0.006634
   133/399     17.7G   0.03608  0.007338  0.004094   0.04751         0       640    0.7232    0.7559    0.7747    0.4125   0.05202  0.009839  0.006707
   134/399     17.7G   0.03579  0.007273   0.00407   0.04713         5       640    0.7498    0.7241    0.7711    0.4109   0.05208  0.009842  0.006644
   135/399     17.7G   0.03595  0.007342  0.004062   0.04735         2       640    0.7426    0.7364    0.7696    0.4119   0.05196  0.009863  0.006666
   136/399     17.7G   0.03572  0.007127  0.004089   0.04693         2       640    0.7403    0.7428    0.7704     0.415   0.05202  0.009833  0.006714
   137/399     17.7G   0.03576  0.007271  0.004148   0.04718         6       640     0.755    0.7363     0.777    0.4185   0.05216  0.009798  0.006714
   138/399     17.7G   0.03577  0.007229  0.003879   0.04687         7       640    0.7609    0.7293     0.779    0.4216   0.05221  0.009777   0.00667
   139/399     17.7G   0.03568  0.007184  0.004155   0.04702         5       640    0.7254    0.7554    0.7795    0.4207     0.052  0.009795   0.00665
   140/399     17.7G   0.03563  0.007177   0.00384   0.04664         1       640    0.7769    0.7113    0.7805    0.4172   0.05188  0.009811  0.006647
   141/399     17.7G   0.03567  0.007354  0.003967   0.04699         4       640     0.753    0.7384    0.7839    0.4214   0.05166  0.009862  0.006612
   142/399     17.7G   0.03543   0.00718  0.003915   0.04653         5       640    0.7457    0.7448    0.7874    0.4213   0.05158  0.009887   0.00658
   143/399     17.7G   0.03529    0.0071  0.003825   0.04622         1       640    0.7287    0.7651    0.7877    0.4224   0.05152  0.009897  0.006537
   144/399     17.7G   0.03565  0.007067   0.00404   0.04676         3       640    0.7473     0.748    0.7877    0.4221   0.05159  0.009922  0.006499
   145/399     17.7G   0.03477  0.007124  0.003909    0.0458         0       640    0.7448    0.7511    0.7868    0.4214   0.05165  0.009931  0.006542
   146/399     17.7G   0.03519  0.007289  0.004065   0.04655         1       640    0.7436    0.7538    0.7871    0.4226   0.05167  0.009924  0.006584
   147/399     17.7G   0.03522  0.007102  0.003793   0.04611         1       640    0.7527     0.742    0.7861    0.4225   0.05163  0.009905  0.006481
   148/399     17.7G   0.03559   0.00719  0.003968   0.04675         7       640    0.7603     0.735    0.7865    0.4237   0.05152  0.009911  0.006356
   149/399     17.7G   0.03498  0.007206  0.003949   0.04613         3       640     0.744    0.7504     0.784    0.4253   0.05134  0.009931  0.006311
   150/399     17.7G   0.03507  0.007187  0.003872   0.04613         0       640     0.738    0.7602    0.7846     0.429   0.05128  0.009914  0.006251
   151/399     17.7G   0.03528  0.007218  0.003816   0.04631         3       640    0.7375    0.7711    0.7875    0.4306   0.05143  0.009859  0.006202
   152/399     17.7G   0.03514  0.007075  0.003724   0.04594         4       640    0.7566    0.7475    0.7872      0.43   0.05128   0.00988  0.006195
   153/399     17.7G   0.03463  0.007143  0.003841   0.04561         3       640    0.7449    0.7618    0.7888    0.4302   0.05115  0.009894  0.006147
   154/399     17.7G   0.03521  0.007221  0.003774    0.0462         2       640    0.7474    0.7599    0.7871    0.4304   0.05093  0.009924  0.006196
   155/399     17.7G   0.03498  0.007197  0.003826   0.04601         8       640    0.7614    0.7475    0.7884    0.4318   0.05084  0.009936  0.006249
   156/399     17.7G   0.03461  0.007249  0.003633   0.04549         0       640     0.753    0.7547     0.788    0.4319   0.05081  0.009931  0.006233
   157/399     17.7G   0.03507  0.007189  0.003554   0.04581         4       640    0.7665    0.7409    0.7889    0.4326   0.05076  0.009935  0.006172
   158/399     17.7G   0.03491  0.007274  0.003668   0.04586         4       640    0.7237    0.7841    0.7904    0.4345   0.05075   0.00993  0.006129
   159/399     17.7G   0.03425  0.007198  0.003716   0.04517         3       640    0.7148    0.7943    0.7915    0.4354   0.05061  0.009938  0.006081
   160/399     17.7G   0.03478  0.007047  0.003768   0.04559         2       640    0.7381    0.7706    0.7913    0.4349   0.05053  0.009939  0.006045
   161/399     17.7G   0.03487  0.007272   0.00365   0.04579         0       640    0.7496    0.7562    0.7911    0.4357   0.05045  0.009924  0.006028
   162/399     17.7G   0.03445  0.007034  0.003517     0.045         3       640    0.7521    0.7589    0.7915    0.4362   0.05042  0.009933  0.005991
   163/399     17.7G   0.03453   0.00705  0.003812   0.04539         3       640    0.7461    0.7691     0.791     0.435   0.05032  0.009939  0.005988
   164/399     17.7G   0.03452  0.007248  0.003327    0.0451         1       640    0.7485    0.7692    0.7918    0.4343   0.05016  0.009958  0.005988
   165/399     17.7G   0.03414  0.007193  0.003383   0.04471         1       640    0.7522    0.7665    0.7931    0.4351   0.05009  0.009953  0.005971
   166/399     17.7G    0.0344  0.007045  0.003753    0.0452         2       640    0.7556     0.765    0.7939    0.4372   0.05006  0.009932  0.005982
   167/399     17.7G   0.03488  0.007286  0.003979   0.04615         8       640    0.7555    0.7693     0.796    0.4388   0.05002  0.009907  0.006007
   168/399     17.7G   0.03439  0.007104  0.003662   0.04516         7       640     0.753    0.7711    0.7973    0.4396   0.04997  0.009888  0.005969
   169/399     17.7G   0.03469  0.007187   0.00392    0.0458        10       640    0.7526    0.7695    0.7972    0.4422   0.04988  0.009885  0.005956
   170/399     17.7G   0.03409  0.007079  0.003591   0.04476         1       640    0.7682    0.7572    0.7995    0.4444   0.04981  0.009873  0.005954
   171/399     17.7G   0.03444  0.007009  0.003526   0.04497         7       640    0.7713    0.7562    0.7991     0.445   0.04975  0.009866  0.005923
   172/399     17.7G   0.03389  0.007021  0.003767   0.04468         1       640    0.7624    0.7689    0.7997    0.4456    0.0497  0.009853   0.00591
   173/399     17.7G   0.03444  0.007068  0.003439   0.04495         6       640    0.7686    0.7672    0.8018     0.446   0.04966  0.009834  0.005912
   174/399     17.7G   0.03385  0.007005  0.003405   0.04426         9       640    0.7707    0.7624    0.8013    0.4493   0.04963  0.009822  0.005921
   175/399     17.7G   0.03388  0.006981  0.003593   0.04446         0       640    0.7662    0.7677    0.8025      0.45   0.04958  0.009826  0.005935
   176/399     17.7G    0.0344  0.007131  0.003523   0.04506        11       640    0.7662    0.7719    0.8035    0.4506   0.04955   0.00983  0.005928
   177/399     17.7G   0.03452  0.007024  0.003706   0.04525         6       640    0.7779    0.7599    0.8026    0.4508   0.04947  0.009845   0.00592
   178/399     17.7G   0.03425  0.006978  0.003628   0.04485         3       640    0.8051    0.7344    0.8021    0.4516   0.04944  0.009848  0.005906
   179/399     17.7G   0.03407  0.007036  0.003615   0.04472         3       640    0.8008     0.744    0.8041    0.4516   0.04937  0.009862  0.005879
   180/399     17.7G   0.03405  0.007165  0.003735   0.04495        10       640     0.794    0.7501    0.8034    0.4521   0.04937  0.009858  0.005858
   181/399     17.7G   0.03391   0.00718  0.003615    0.0447         2       640    0.7861    0.7519    0.8029    0.4518   0.04938  0.009851  0.005845
   182/399     17.7G   0.03369   0.00716   0.00351   0.04436         1       640    0.7839    0.7549    0.8039    0.4521   0.04936  0.009847   0.00584
   183/399     17.7G   0.03387  0.007047  0.003435   0.04435         5       640    0.7866    0.7519    0.8037    0.4538   0.04929  0.009848  0.005823
   184/399     17.7G   0.03389  0.007044  0.003511   0.04444         2       640    0.7905    0.7516    0.8052    0.4543   0.04924  0.009841  0.005828
   185/399     17.7G   0.03382  0.007016  0.003438   0.04427         1       640    0.8001    0.7443    0.8066    0.4559   0.04919  0.009841  0.005836
   186/399     17.7G   0.03373  0.006904  0.003512   0.04415         3       640    0.7857     0.761    0.8079    0.4562   0.04913  0.009845  0.005835
   187/399     17.7G   0.03403  0.007248  0.003363   0.04464        13       640    0.7944    0.7535    0.8089    0.4574   0.04907  0.009849   0.00583
   188/399     17.7G   0.03344  0.006977  0.003388   0.04381         5       640    0.7945    0.7537    0.8094    0.4575   0.04902  0.009846  0.005811
   189/399     17.7G   0.03341  0.006987   0.00337   0.04376         1       640    0.7872    0.7578    0.8087    0.4589     0.049  0.009836  0.005797
   190/399     17.7G   0.03373  0.007004  0.003344   0.04408         2       640    0.7799    0.7638    0.8086      0.46   0.04895  0.009836   0.00578
   191/399     17.7G   0.03364  0.007001  0.003574   0.04422         9       640    0.7912    0.7535    0.8085    0.4611   0.04889  0.009841  0.005759
   192/399     17.7G   0.03319  0.007087  0.003578   0.04385         1       640    0.8149    0.7306    0.8093    0.4618   0.04882  0.009842  0.005739
   193/399     17.7G   0.03342  0.007054  0.003398   0.04387         6       640    0.7649    0.7777      0.81    0.4618   0.04874  0.009848  0.005718
   194/399     17.7G   0.03302  0.006971  0.003199   0.04319         1       640    0.7588     0.784    0.8103    0.4624   0.04868  0.009855  0.005699
   195/399     17.7G   0.03335  0.007017  0.003366   0.04373         4       640    0.7701    0.7742    0.8102     0.462   0.04863  0.009857  0.005691
   196/399     17.7G    0.0331  0.006992  0.003335   0.04343         0       640    0.7949    0.7503    0.8102    0.4626   0.04859   0.00986  0.005674
   197/399     17.7G   0.03326  0.006978   0.00333   0.04357         1       640    0.7966    0.7513    0.8104    0.4626   0.04854  0.009863  0.005662
   198/399     17.7G   0.03342   0.00707  0.003506     0.044         8       640    0.7798    0.7654    0.8108    0.4633   0.04848  0.009861  0.005636
   199/399     17.7G   0.03311  0.006937  0.003127   0.04318         8       640    0.7859    0.7608    0.8113    0.4645   0.04843  0.009866  0.005615
   200/399     17.7G   0.03293  0.006906  0.003212   0.04305         6       640    0.7794    0.7673    0.8124    0.4646   0.04839  0.009865  0.005595
   201/399     17.7G    0.0331  0.006932  0.003435   0.04347         0       640    0.7909    0.7588    0.8126    0.4655   0.04835  0.009866  0.005571
   202/399     17.7G   0.03271  0.006983  0.003338   0.04303         6       640    0.7768    0.7726    0.8128     0.467   0.04831  0.009864  0.005551
   203/399     17.7G   0.03286  0.006885  0.003557    0.0433         2       640    0.7909     0.758    0.8134    0.4684   0.04826  0.009867   0.00554
   204/399     17.7G   0.03256  0.006889  0.003346    0.0428         0       640    0.7939    0.7569    0.8136    0.4683    0.0482   0.00987  0.005522
   205/399     17.7G   0.03284   0.00696  0.003269   0.04307         2       640    0.7954    0.7568    0.8136    0.4692   0.04815  0.009869  0.005502
   206/399     17.7G    0.0325  0.006947   0.00318   0.04262         3       640    0.8028    0.7495    0.8142    0.4686    0.0481  0.009871  0.005483
   207/399     17.7G   0.03257  0.006917  0.003146   0.04263         9       640    0.7984    0.7552    0.8146    0.4691   0.04805  0.009867  0.005464
   208/399     17.7G   0.03251  0.006934  0.003065    0.0425         3       640    0.7981    0.7555    0.8144    0.4691   0.04802  0.009863  0.005446
   209/399     17.7G   0.03244  0.006921  0.003131   0.04249         7       640    0.8019    0.7504    0.8149    0.4709   0.04799  0.009858   0.00543
   210/399     17.7G   0.03246  0.006888  0.003066   0.04241         2       640    0.8014    0.7513    0.8148    0.4707   0.04796  0.009858  0.005422
   211/399     17.7G    0.0327   0.00695  0.003199   0.04285         5       640    0.8014    0.7515    0.8151    0.4712   0.04792  0.009853  0.005411
   212/399     17.7G    0.0325  0.006733  0.003287   0.04252         2       640    0.8114    0.7439    0.8153    0.4716   0.04789  0.009851  0.005407
   213/399     17.7G    0.0327  0.006809  0.003245   0.04276         0       640    0.8104    0.7438    0.8156    0.4713   0.04786  0.009846  0.005399
   214/399     17.7G   0.03222  0.006816  0.003049   0.04208         3       640    0.7993    0.7544    0.8163    0.4723   0.04783  0.009843  0.005387
   215/399     17.7G   0.03192  0.006676  0.003113   0.04171         0       640    0.7965    0.7584    0.8167    0.4728    0.0478   0.00984  0.005378
   216/399     17.7G   0.03215  0.006802  0.003148    0.0421         4       640    0.7927    0.7622    0.8167    0.4731   0.04778  0.009838  0.005366
   217/399     17.7G   0.03194  0.006786  0.003116   0.04184         4       640    0.8004     0.755    0.8172     0.473   0.04774  0.009839  0.005354
   218/399     17.7G   0.03218  0.006809  0.003097   0.04208        10       640    0.7967    0.7585    0.8162    0.4735   0.04771  0.009837  0.005347
   219/399     17.7G   0.03176   0.00681  0.003024   0.04159         1       640    0.7971    0.7584    0.8166    0.4743   0.04768  0.009835  0.005335
   220/399     17.7G   0.03196  0.006827  0.003342   0.04213         2       640    0.8002    0.7568    0.8172    0.4748   0.04766  0.009831  0.005322
   221/399     17.7G   0.03165  0.006811  0.003036    0.0415         0       640    0.8016    0.7567    0.8179    0.4753   0.04764  0.009828  0.005309
   222/399     17.7G   0.03167  0.006781  0.002818   0.04127         5       640    0.7995    0.7577    0.8176    0.4764   0.04761  0.009825  0.005297
   223/399     17.7G   0.03214  0.006807  0.003062   0.04201        10       640    0.8092    0.7495    0.8187     0.477   0.04757  0.009822  0.005284
   224/399     17.7G   0.03139  0.006734  0.003106   0.04123         4       640     0.807    0.7528    0.8191    0.4774   0.04754  0.009819  0.005273
   225/399     17.7G   0.03168  0.006738   0.00295   0.04137         2       640    0.8118    0.7523    0.8199    0.4778   0.04751  0.009816  0.005259
   226/399     17.7G   0.03177  0.006752  0.003136   0.04166         3       640     0.811    0.7521      0.82    0.4779   0.04748   0.00982  0.005249
   227/399     17.7G   0.03188  0.006708  0.003004   0.04159         1       640    0.8074    0.7546    0.8204    0.4787   0.04745  0.009821  0.005241
   228/399     17.7G   0.03151  0.006765  0.003147   0.04142         1       640    0.8133    0.7516    0.8206    0.4787   0.04743  0.009823  0.005235
   229/399     17.7G   0.03136  0.006899  0.002883   0.04114         2       640    0.8096    0.7538    0.8208     0.479   0.04739  0.009823  0.005225
   230/399     17.7G   0.03145  0.006738  0.002943   0.04113         8       640    0.8115    0.7533     0.821    0.4794   0.04736  0.009821  0.005216
   231/399     17.7G   0.03133  0.006767  0.002909   0.04101         2       640    0.8113    0.7529    0.8213    0.4794   0.04733  0.009821  0.005208
   232/399     17.7G   0.03144   0.00676  0.003124   0.04132         5       640    0.8091     0.754    0.8215    0.4801    0.0473  0.009819  0.005202
   233/399     17.7G   0.03086  0.006629  0.002875   0.04036         5       640    0.8139    0.7499    0.8215     0.481   0.04727  0.009816  0.005197
   234/399     17.7G   0.03076   0.00661  0.002567   0.03994         0       640     0.807    0.7564     0.822    0.4817   0.04724  0.009817  0.005189
   235/399     17.7G   0.03139  0.006693  0.002864   0.04095         6       640    0.8079    0.7571    0.8222    0.4826    0.0472  0.009816  0.005183
   236/399     17.7G   0.03123  0.006596  0.002774    0.0406         4       640     0.809    0.7561    0.8227    0.4832   0.04717  0.009815  0.005178
   237/399     17.7G   0.03096  0.006566  0.002657   0.04018         2       640    0.8102    0.7561     0.823     0.484   0.04714  0.009815  0.005168
   238/399     17.7G   0.03104  0.006831  0.002749   0.04062         4       640    0.8041     0.764    0.8243    0.4844   0.04711  0.009814  0.005161
   239/399     17.7G    0.0308  0.006648  0.002724   0.04018         2       640     0.803    0.7651    0.8241    0.4849   0.04707  0.009814  0.005155
   240/399     17.7G   0.03087  0.006699  0.002913   0.04048         1       640    0.8018    0.7684    0.8255    0.4847   0.04705  0.009811  0.005148
   241/399     17.7G   0.03074   0.00664  0.002791   0.04017         2       640    0.8065    0.7662    0.8256    0.4849   0.04702   0.00981  0.005143
   242/399     17.7G   0.03055  0.006606  0.002683   0.03984         0       640    0.8071    0.7661    0.8259    0.4853     0.047  0.009808  0.005138
   243/399     17.7G   0.03079  0.006631  0.002877    0.0403         6       640     0.798    0.7755    0.8264    0.4858   0.04697  0.009805  0.005131
   244/399     17.7G   0.03109  0.006751  0.002863    0.0407         1       640    0.7997    0.7734    0.8269    0.4869   0.04694  0.009802  0.005125
   245/399     17.7G   0.03054  0.006652  0.002592   0.03978         7       640    0.8001    0.7739    0.8275    0.4873   0.04692  0.009799  0.005119
   246/399     17.7G   0.03056  0.006649  0.002853   0.04006         0       640    0.8081    0.7674    0.8284    0.4874   0.04689  0.009797  0.005113
   247/399     17.7G   0.03045  0.006581  0.002599   0.03963         0       640      0.81    0.7673    0.8286    0.4874   0.04687  0.009795  0.005106
   248/399     17.7G    0.0303  0.006595  0.002603    0.0395         5       640     0.811    0.7667    0.8285    0.4885   0.04684  0.009793  0.005098
   249/399     17.7G   0.03007   0.00658  0.002708   0.03936        10       640    0.8032    0.7745    0.8284    0.4886   0.04681  0.009791  0.005092
   250/399     17.7G    0.0298  0.006505  0.002495    0.0388         2       640     0.806    0.7739    0.8288    0.4886   0.04678   0.00979  0.005087
   251/399     17.7G   0.02991  0.006699  0.002659   0.03927         0       640    0.8068    0.7761    0.8308     0.489   0.04676  0.009785  0.005081
   252/399     17.7G   0.02999  0.006558  0.002753    0.0393         0       640    0.8074    0.7754    0.8309    0.4892   0.04674  0.009781  0.005076
   253/399     17.7G   0.02991  0.006497  0.002529   0.03894         5       640    0.8072    0.7757    0.8312    0.4899   0.04672  0.009779  0.005071
   254/399     17.7G   0.03002  0.006736  0.002654   0.03941         1       640    0.8059    0.7776    0.8318    0.4904    0.0467  0.009774  0.005064
   255/399     17.7G      0.03  0.006489  0.002687   0.03918         0       640     0.807    0.7774     0.832    0.4906   0.04668  0.009772  0.005058
   256/399     17.7G   0.02976  0.006535  0.002598   0.03889         7       640    0.8087    0.7756    0.8322    0.4906   0.04665   0.00977  0.005053
   257/399     17.7G    0.0297  0.006654  0.002684   0.03903         1       640     0.808     0.777    0.8324    0.4909   0.04662  0.009769  0.005047
   258/399     17.7G   0.02973  0.006499  0.002651   0.03888         5       640    0.8111    0.7753    0.8322    0.4916   0.04659  0.009766  0.005045
   259/399     17.7G   0.02955  0.006539  0.002502   0.03859         4       640     0.812    0.7751    0.8331    0.4922   0.04657  0.009763   0.00504
   260/399     17.7G   0.02973  0.006505  0.002672   0.03891         4       640    0.8125    0.7749    0.8329    0.4928   0.04655  0.009762  0.005035
   261/399     17.7G   0.02941  0.006446  0.002652   0.03851         4       640    0.8132     0.775     0.833    0.4929   0.04653  0.009759  0.005031
   262/399     17.7G   0.02964  0.006618   0.00254    0.0388         7       640    0.8137    0.7737    0.8332    0.4936   0.04651  0.009757  0.005026
   263/399     17.7G   0.02943  0.006596  0.002486   0.03851         3       640      0.81    0.7778    0.8332     0.494   0.04648  0.009754  0.005019
   264/399     17.7G   0.02948  0.006482  0.002601   0.03856         1       640    0.8104     0.778    0.8335    0.4941   0.04646   0.00975   0.00501
   265/399     17.7G   0.02926  0.006517  0.002542   0.03832         0       640    0.8115    0.7766    0.8336     0.494   0.04644   0.00975  0.005003
   266/399     17.7G   0.02919  0.006523  0.002503   0.03821         6       640    0.8123    0.7764    0.8338    0.4946   0.04641  0.009746  0.004997
   267/399     17.7G   0.02938  0.006336  0.002568   0.03829         5       640    0.8152    0.7742    0.8338    0.4948   0.04639  0.009744   0.00499
   268/399     17.7G   0.02974  0.006458  0.002639   0.03884         2       640    0.8157    0.7742     0.834    0.4955   0.04637  0.009741  0.004984
   269/399     17.7G   0.02875  0.006446  0.002281   0.03748         7       640    0.8178    0.7729    0.8343    0.4953   0.04635  0.009739  0.004977
   270/399     17.7G    0.0295  0.006423  0.002545   0.03847         4       640    0.8169    0.7737    0.8343    0.4958   0.04632  0.009738  0.004971
   271/399     17.7G   0.02895  0.006493  0.002535   0.03798         9       640    0.8181    0.7732    0.8344    0.4965   0.04629  0.009737  0.004965
   272/399     17.7G   0.02882   0.00644  0.002421   0.03768         2       640    0.8189    0.7725    0.8344    0.4964   0.04627  0.009735  0.004959
   273/399     17.7G   0.02872  0.006424  0.002412   0.03756         0       640    0.8087    0.7832    0.8344    0.4966   0.04625  0.009732  0.004952
   274/399     17.7G   0.02909  0.006578  0.002386   0.03806         2       640    0.8219    0.7716    0.8346    0.4971   0.04623  0.009731  0.004949
   275/399     17.7G   0.02911  0.006481  0.002485   0.03807         3       640    0.8239    0.7709    0.8348    0.4974    0.0462  0.009729  0.004945
   276/399     17.7G   0.02888  0.006319  0.002519   0.03772         2       640    0.8244    0.7713     0.835    0.4976   0.04618  0.009726  0.004942
   277/399     17.7G   0.02906  0.006469  0.002549   0.03807         1       640    0.8244     0.771    0.8352    0.4983   0.04616  0.009723  0.004938
   278/399     17.7G   0.02821  0.006466  0.002258   0.03693         1       640    0.8247    0.7714    0.8355    0.4992   0.04614   0.00972  0.004932
   279/399     17.7G   0.02897  0.006355  0.002575    0.0379         6       640    0.8251    0.7712    0.8359    0.4995   0.04611  0.009719  0.004927
   280/399     17.7G   0.02905  0.006469  0.002391   0.03791         1       640    0.8244    0.7719     0.836    0.4997   0.04609  0.009718  0.004922
   281/399     17.7G   0.02872    0.0064   0.00257   0.03769         3       640    0.8244    0.7717    0.8361       0.5   0.04607  0.009715  0.004916
   282/399     17.7G   0.02853  0.006316  0.002529   0.03737         6       640    0.8235    0.7732    0.8362       0.5   0.04604  0.009714  0.004912
   283/399     17.7G   0.02823   0.00628  0.002386    0.0369         6       640    0.8253    0.7735    0.8363    0.5001   0.04602  0.009712  0.004908
   284/399     17.7G   0.02861  0.006422  0.002399   0.03744         2       640    0.8263    0.7735    0.8365    0.5004     0.046   0.00971  0.004903
   285/399     17.7G    0.0284  0.006453  0.002281   0.03713         7       640    0.8249    0.7743    0.8364    0.5006   0.04598  0.009707  0.004898
   286/399     17.7G    0.0282  0.006325  0.002433   0.03696         0       640    0.8231    0.7751    0.8363    0.5011   0.04596  0.009706  0.004892
   287/399     17.7G   0.02809  0.006183  0.002379   0.03665         3       640    0.8244     0.775    0.8366    0.5016   0.04594  0.009704  0.004887
   288/399     17.7G   0.02853  0.006359  0.002279   0.03717         1       640    0.8243    0.7737    0.8368    0.5018   0.04592  0.009704  0.004885
   289/399     17.7G   0.02839  0.006238  0.002376     0.037         3       640    0.8244    0.7757     0.837    0.5025    0.0459  0.009702  0.004879
   290/399     17.7G   0.02817  0.006257   0.00233   0.03675         2       640    0.8285     0.771    0.8372    0.5027   0.04588  0.009698  0.004874
   291/399     17.7G   0.02817   0.00617  0.002225   0.03657         1       640    0.8267    0.7742    0.8377    0.5033   0.04586  0.009697   0.00487
   292/399     17.7G   0.02786  0.006256  0.002222   0.03634         2       640    0.8255    0.7746    0.8378    0.5037   0.04584  0.009697  0.004864
   293/399     17.7G   0.02775  0.006304   0.00229   0.03635         0       640    0.8277    0.7723    0.8381    0.5046   0.04582  0.009696  0.004859
   294/399     17.7G   0.02764   0.00631  0.002304   0.03625         1       640    0.8234    0.7757    0.8382    0.5051    0.0458  0.009692  0.004855
   295/399     17.7G   0.02735  0.006159  0.002221   0.03573         0       640    0.8233    0.7768    0.8391    0.5053   0.04578  0.009692   0.00485
   296/399     17.7G   0.02764  0.006264  0.002429   0.03633         4       640    0.8311    0.7702    0.8393    0.5052   0.04576   0.00969  0.004846
   297/399     17.7G   0.02791  0.006243  0.002257   0.03641         5       640    0.8252    0.7756    0.8395    0.5055   0.04574  0.009687  0.004843
   298/399     17.7G   0.02743  0.006093  0.002183   0.03571         3       640    0.8252    0.7756    0.8398    0.5059   0.04572  0.009685  0.004839
   299/399     17.7G   0.02753  0.006091  0.002216   0.03583         6       640    0.8295    0.7733    0.8397    0.5065    0.0457  0.009685  0.004834
   300/399     17.7G   0.02747  0.005992  0.002066   0.03553         6       640    0.8271    0.7749    0.8406    0.5066   0.04568  0.009685   0.00483
   301/399     17.7G   0.02726  0.006237  0.002338   0.03583         5       640    0.8281    0.7759    0.8408    0.5071   0.04566  0.009683  0.004826
   302/399     17.7G   0.02721  0.006229  0.002168   0.03561         3       640    0.8295    0.7744     0.841    0.5073   0.04564  0.009683  0.004822
   303/399     17.7G   0.02711   0.00621  0.002263   0.03559         5       640    0.8361    0.7698    0.8412    0.5074   0.04562  0.009681  0.004818
   304/399     17.7G   0.02734  0.006122  0.002051   0.03551         1       640    0.8261    0.7787    0.8417    0.5078    0.0456  0.009681  0.004814
   305/399     17.7G   0.02729  0.006204  0.002262   0.03576         6       640    0.8269    0.7788    0.8419     0.508   0.04557  0.009679   0.00481
   306/399     17.7G    0.0272  0.006126  0.002113   0.03544         5       640    0.8329    0.7745    0.8422    0.5086   0.04555  0.009679  0.004806
   307/399     17.7G   0.02713   0.00617  0.002222   0.03552         6       640    0.8324    0.7761    0.8419    0.5092   0.04553  0.009677  0.004802
   308/399     17.7G   0.02687  0.005994  0.002242   0.03511         4       640    0.8038    0.8025    0.8418    0.5093   0.04551  0.009676  0.004798
   309/399     17.7G   0.02686  0.006037  0.002045   0.03495         4       640    0.8044    0.8027     0.842    0.5096   0.04549  0.009677  0.004794
   310/399     17.7G   0.02707   0.00622  0.002073   0.03536         9       640    0.8048    0.8038    0.8422    0.5099   0.04547  0.009675  0.004789
   311/399     17.7G    0.0273  0.006096  0.002155   0.03555         4       640    0.8027    0.8059    0.8425    0.5098   0.04545  0.009674  0.004786
   312/399     17.7G   0.02641  0.006116  0.002195   0.03472         3       640    0.8348    0.7772    0.8426    0.5103   0.04543  0.009674   0.00478
   313/399     17.7G   0.02661  0.006084  0.002118   0.03482         1       640    0.8353    0.7773    0.8429    0.5105   0.04541  0.009672  0.004776
   314/399     17.7G   0.02675  0.005947  0.002081   0.03478         5       640    0.8369     0.777    0.8432    0.5103   0.04539  0.009673  0.004771
   315/399     17.7G   0.02641  0.006025   0.00197    0.0344         3       640    0.8375    0.7775    0.8435    0.5104   0.04537  0.009671  0.004766
   316/399     17.7G    0.0266  0.005981   0.00189   0.03447         1       640    0.8376    0.7777    0.8438    0.5108   0.04535   0.00967  0.004763
   317/399     17.7G    0.0262  0.006076   0.00209   0.03436         4       640    0.8404    0.7756    0.8438     0.511   0.04533  0.009669  0.004758
   318/399     17.7G   0.02607  0.005986   0.00195   0.03401         3       640    0.8318    0.7843    0.8441    0.5115   0.04531  0.009669  0.004754
   319/399     17.7G   0.02639   0.00599  0.002075   0.03445         3       640    0.8325    0.7844    0.8443    0.5118   0.04529  0.009668   0.00475
   320/399     17.7G   0.02613  0.005982  0.002025   0.03413         5       640    0.8333    0.7833    0.8446    0.5121   0.04527  0.009669  0.004746
   321/399     17.7G   0.02633  0.006125  0.002119   0.03458        20       640    0.8388    0.7786    0.8446     0.512   0.04525  0.009669  0.004741
   322/399     17.7G    0.0261  0.005951  0.002129   0.03418         6       640    0.8274    0.7894    0.8447    0.5133   0.04523  0.009667  0.004735
   323/399     17.7G   0.02606  0.005997  0.001963   0.03402         6       640    0.8405    0.7781    0.8451    0.5134   0.04521  0.009667  0.004731
   324/399     17.7G   0.02601  0.005968  0.002038   0.03401         3       640    0.8265    0.7909    0.8453    0.5142   0.04519  0.009666  0.004728
   325/399     17.7G   0.02573  0.005953  0.001975   0.03365         5       640    0.8348    0.7836    0.8455    0.5148   0.04517  0.009664  0.004724
   326/399     17.7G   0.02605  0.005973  0.002059   0.03408         0       640    0.8363    0.7837    0.8457    0.5142   0.04515  0.009662   0.00472
   327/399     17.7G   0.02614  0.006026  0.002168   0.03433         4       640    0.8344     0.786     0.846    0.5146   0.04514  0.009662  0.004718
   328/399     17.7G   0.02561  0.005953  0.001907   0.03347         4       640    0.8281    0.7921    0.8461     0.515   0.04511  0.009662  0.004714
   329/399     17.7G   0.02587  0.005876  0.001944   0.03369         1       640    0.8284    0.7936    0.8462    0.5153   0.04509   0.00966   0.00471
   330/399     17.7G   0.02567  0.005988   0.00194    0.0336         1       640    0.8273    0.7946    0.8463    0.5151   0.04507   0.00966  0.004707
   331/399     17.7G   0.02575  0.006009  0.001966   0.03372         3       640     0.832    0.7902    0.8464    0.5158   0.04505  0.009658  0.004702
   332/399     17.7G   0.02532  0.005851  0.001901   0.03307         9       640    0.8262    0.7969    0.8466    0.5162   0.04503  0.009659  0.004699
   333/399     17.7G   0.02587  0.005947  0.001956   0.03377         4       640    0.8322    0.7913    0.8469    0.5165   0.04501  0.009657  0.004693
   334/399     17.7G   0.02528  0.005699   0.00189   0.03287         2       640    0.8329    0.7919    0.8472    0.5167   0.04499  0.009657  0.004688
   335/399     17.7G   0.02589  0.005878  0.002042   0.03381         1       640    0.8331    0.7922    0.8472    0.5171   0.04498  0.009654  0.004684
   336/399     17.7G   0.02584  0.005983   0.00204   0.03387         2       640    0.8342    0.7919    0.8475    0.5175   0.04496  0.009655   0.00468
   337/399     17.7G   0.02589  0.006028  0.002112   0.03403        10       640    0.8338    0.7919    0.8476    0.5175   0.04494  0.009653  0.004676
   338/399     17.7G   0.02538  0.005811  0.002062   0.03325         1       640    0.8288    0.7972    0.8476    0.5174   0.04491  0.009653  0.004672
   339/399     17.7G   0.02546  0.005806  0.002029    0.0333         2       640    0.8094    0.8163    0.8479    0.5178   0.04489  0.009653  0.004667
   340/399     17.7G   0.02547  0.005888  0.001976   0.03334         5       640    0.8092     0.817    0.8483    0.5177   0.04487  0.009652  0.004664
   341/399     17.7G   0.02511  0.005885  0.001908    0.0329         4       640    0.8093    0.8174    0.8485    0.5176   0.04484  0.009653  0.004663
   342/399     17.7G    0.0254  0.005826  0.001919   0.03314         0       640    0.8275    0.8007    0.8487     0.518   0.04482  0.009653   0.00466
   343/399     17.7G   0.02538  0.005911   0.00198   0.03327         1       640     0.808    0.8202     0.849    0.5179   0.04479  0.009653  0.004658
   344/399     17.7G   0.02528  0.005976  0.002072   0.03333        15       640    0.8105    0.8177    0.8493    0.5179   0.04477  0.009653  0.004656
   345/399     17.7G   0.02506  0.005812  0.001906   0.03278         1       640    0.8326    0.7975    0.8496    0.5187   0.04475  0.009651  0.004654
   346/399     17.7G    0.0246  0.005753  0.001817   0.03217         0       640    0.8364    0.7944    0.8498    0.5199   0.04473  0.009651   0.00465
   347/399     17.7G   0.02512  0.005834  0.001864   0.03281         9       640    0.8253    0.8048      0.85    0.5204   0.04471  0.009649  0.004646
   348/399     17.7G   0.02528  0.005852  0.001897   0.03303         1       640    0.8354    0.7961    0.8503    0.5208   0.04468  0.009649  0.004643
   349/399     17.7G   0.02477  0.005796  0.001757   0.03232         7       640     0.824    0.8081    0.8505    0.5209   0.04466  0.009647   0.00464
   350/399     17.7G    0.0248  0.005751  0.001862   0.03241         3       640    0.8359    0.7975    0.8507    0.5214   0.04464  0.009645  0.004635
   351/399     17.7G   0.02502  0.005754  0.001963   0.03274         0       640    0.8289    0.8044    0.8513    0.5224   0.04462  0.009644  0.004631
   352/399     17.7G   0.02441  0.005723  0.001892   0.03203         3       640    0.8311    0.8045    0.8511    0.5229    0.0446  0.009644  0.004626
   353/399     17.7G   0.02512  0.005859   0.00189   0.03287         3       640    0.8319    0.8044    0.8519    0.5231   0.04458  0.009642  0.004623
   354/399     17.7G   0.02482  0.005727  0.001896   0.03245         0       640    0.8403    0.7973     0.852    0.5236   0.04456   0.00964  0.004617
   355/399     17.7G   0.02492  0.005786  0.001942   0.03265         4       640    0.8348    0.8026    0.8521    0.5239   0.04454  0.009639  0.004611
   356/399     17.7G   0.02491  0.005849  0.001934   0.03269         2       640    0.8431    0.7951    0.8521    0.5242   0.04452  0.009637  0.004605
   357/399     17.7G   0.02419  0.005673  0.001855   0.03172         6       640    0.8367     0.801    0.8523    0.5239    0.0445  0.009636  0.004601
   358/399     17.7G   0.02469  0.005756  0.001908   0.03235         4       640    0.8433    0.7969    0.8531     0.524   0.04448  0.009634  0.004598
   359/399     17.7G   0.02442  0.005636  0.001771   0.03183         1       640    0.8379    0.8016    0.8531    0.5246   0.04446  0.009632  0.004592
   360/399     17.7G    0.0244  0.005735  0.001804   0.03194         4       640    0.8388    0.8022    0.8536    0.5248   0.04444  0.009633  0.004586
   361/399     17.7G   0.02453  0.005717  0.001942   0.03219         0       640    0.8393    0.8029    0.8541    0.5254   0.04442  0.009631  0.004582
   362/399     17.7G    0.0244  0.005724  0.001755   0.03187         0       640    0.8237    0.8175    0.8541    0.5249    0.0444   0.00963  0.004577
   363/399     17.7G   0.02454  0.005691  0.001746   0.03198         5       640    0.8389    0.8035    0.8541    0.5258   0.04438  0.009629  0.004572
   364/399     17.7G   0.02478  0.005627  0.001979   0.03238         3       640      0.84    0.8035    0.8549     0.526   0.04436  0.009628  0.004568
   365/399     17.7G   0.02433  0.005642  0.001905   0.03188         1       640    0.8271    0.8187    0.8552    0.5267   0.04434  0.009627  0.004564
   366/399     17.7G   0.02437  0.005711  0.001814    0.0319         7       640    0.8279    0.8176    0.8555    0.5268   0.04431  0.009626  0.004562
   367/399     17.7G   0.02397  0.005529  0.001763   0.03126         7       640    0.8253    0.8212    0.8557    0.5267   0.04429  0.009626   0.00456
   368/399     17.7G   0.02465  0.005732  0.001873   0.03226         5       640    0.8253    0.8213    0.8562    0.5276   0.04427  0.009626  0.004557
   369/399     17.7G   0.02424  0.005708  0.001853    0.0318         7       640    0.8404    0.8064    0.8563    0.5279   0.04425  0.009624  0.004554
   370/399     17.7G   0.02451  0.005622  0.001837   0.03197         2       640     0.828    0.8204    0.8567    0.5287   0.04422  0.009624  0.004553
   371/399     17.7G   0.02377  0.005591  0.001682   0.03105         6       640    0.8323    0.8178    0.8569    0.5289    0.0442  0.009624  0.004549
   372/399     17.7G   0.02401  0.005608  0.001695   0.03131         4       640    0.8311    0.8201    0.8572    0.5293   0.04417  0.009622  0.004547
   373/399     17.7G   0.02409  0.005565  0.001801   0.03146         1       640    0.8309    0.8202    0.8572    0.5299   0.04415  0.009622  0.004543
   374/399     17.7G   0.02412  0.005558  0.001818   0.03149         2       640    0.8318    0.8198    0.8574    0.5297   0.04413  0.009622   0.00454
   375/399     17.7G   0.02387  0.005533  0.001653   0.03106         1       640     0.832    0.8198    0.8575      0.53   0.04411  0.009623  0.004536
   376/399     17.7G   0.02363   0.00556  0.001773   0.03096         0       640    0.8322    0.8196    0.8577    0.5302    0.0441  0.009623  0.004532
   377/399     17.7G   0.02415  0.005634  0.001751   0.03153         0       640    0.8331     0.819    0.8581    0.5312   0.04408  0.009623  0.004528
   378/399     17.7G   0.02369  0.005578  0.001692   0.03096         9       640    0.8275    0.8231     0.858    0.5309   0.04406  0.009622  0.004523
   379/399     17.7G   0.02363  0.005575  0.001836   0.03104         1       640    0.8321    0.8201    0.8585    0.5309   0.04404  0.009621  0.004518
   380/399     17.7G   0.02404  0.005642  0.001819    0.0315         3       640    0.8292    0.8234    0.8588    0.5321   0.04402  0.009619  0.004516
   381/399     17.7G   0.02388  0.005595  0.001762   0.03123         0       640    0.8316    0.8219    0.8591    0.5325   0.04399  0.009617  0.004513
   382/399     17.7G   0.02404  0.005614  0.001827   0.03148         0       640    0.8343    0.8199    0.8591     0.533   0.04397  0.009618   0.00451
   383/399     17.7G   0.02371  0.005542  0.001624   0.03088         4       640    0.8342    0.8202    0.8594    0.5334   0.04395  0.009616  0.004508
   384/399     17.7G   0.02347  0.005613    0.0016   0.03069         5       640    0.8306     0.824    0.8597    0.5339   0.04392  0.009617  0.004506
   385/399     17.7G   0.02354  0.005602  0.001766   0.03091         8       640    0.8279    0.8283      0.86    0.5343   0.04391  0.009616  0.004502
   386/399     17.7G   0.02361  0.005599  0.001694    0.0309         2       640    0.8275    0.8302    0.8603    0.5344   0.04389  0.009615    0.0045
   387/399     17.7G   0.02359  0.005583  0.001744   0.03092         6       640    0.8278    0.8298    0.8604    0.5342   0.04387  0.009616  0.004495
   388/399     17.7G   0.02336  0.005497  0.001794   0.03065         7       640    0.8286    0.8297    0.8607    0.5348   0.04385  0.009613  0.004492
   389/399     17.7G   0.02359  0.005548  0.001633   0.03077         1       640    0.8284    0.8298    0.8609    0.5351   0.04383  0.009613  0.004488
   390/399     17.7G   0.02331  0.005458  0.001609   0.03037         1       640    0.8288    0.8284    0.8612    0.5355   0.04381  0.009612  0.004485
   391/399     17.7G   0.02387  0.005649    0.0016   0.03112         7       640     0.848    0.8088    0.8613    0.5354   0.04379  0.009614  0.004483
   392/399     17.7G   0.02358  0.005657  0.001685   0.03092         3       640    0.8266    0.8318    0.8616    0.5363   0.04377  0.009613  0.004482
   393/399     17.7G   0.02324  0.005541  0.001646   0.03043         2       640    0.8291    0.8295    0.8615    0.5369   0.04374  0.009611  0.004478
   394/399     17.7G   0.02347  0.005498  0.001677   0.03064         4       640    0.8274    0.8324    0.8621    0.5372   0.04372  0.009613  0.004475
   395/399     17.7G   0.02343   0.00555  0.001728   0.03071         4       640    0.8523     0.808    0.8621    0.5381   0.04371  0.009614  0.004468
   396/399     17.7G   0.02311  0.005502  0.001637   0.03025         6       640     0.852    0.8081    0.8622    0.5384   0.04368  0.009612  0.004466
   397/399     17.7G   0.02325   0.00553  0.001443   0.03022         0       640    0.8385     0.824    0.8629    0.5381   0.04365  0.009611  0.004466
   398/399     17.7G   0.02349  0.005609  0.001669   0.03076         3       640    0.8349    0.8289    0.8631    0.5386   0.04362  0.009612  0.004467
   399/399     17.7G   0.02313  0.005485  0.001595   0.03021         1       640    0.8343    0.8286    0.8631    0.5385    0.0436  0.009612  0.004463
