     0/399     16.8G   0.08103   0.01418   0.02077     0.116         2       640    0.6035    0.2945    0.2482   0.07716   0.06961  0.008771   0.01366
     1/399     16.8G    0.0633     0.011   0.01177   0.08606         2       640    0.3665    0.4884    0.3576    0.1227   0.06843  0.008133   0.01105
     2/399     16.8G   0.06064   0.01006    0.0111    0.0818         1       640    0.4092    0.4344    0.3273    0.1063   0.06487  0.008107   0.01361
     3/399     16.8G   0.05878  0.009659   0.01096   0.07939         1       640    0.4377    0.3706    0.2837   0.09855   0.07018  0.008558   0.01692
     4/399     16.8G   0.05757   0.01038    0.0111   0.07905         8       640    0.5693    0.4499    0.4388    0.1604      0.06  0.008305    0.0105
     5/399     16.8G   0.05432   0.01067    0.0098   0.07479         0       640    0.5288    0.4536    0.4399    0.1617   0.05887   0.00783   0.01072
     6/399     16.8G   0.05167   0.01082  0.009486   0.07197         7       640    0.5771    0.4653    0.4718    0.1889   0.06073  0.007593   0.01104
     7/399     16.8G   0.04979   0.01052  0.008907   0.06922         1       640    0.6441    0.5401    0.5533    0.2198   0.05319  0.007345  0.008172
     8/399     16.8G   0.04873   0.01036  0.008304   0.06739         4       640    0.5134    0.5318    0.4814    0.1878   0.05396  0.007415  0.008783
     9/399     16.8G    0.0484   0.01041  0.008309   0.06711         3       640    0.6355    0.5541    0.5618    0.2303   0.05232  0.007218  0.008292
    10/399     16.8G   0.04766   0.01029  0.007719   0.06568         1       640    0.6529    0.5424    0.5683    0.2349   0.05231  0.007261  0.008098
    11/399     16.8G   0.04717   0.01016  0.007944   0.06528         1       640    0.6234    0.5475    0.5554    0.2339   0.05365  0.007105  0.009198
    12/399     16.8G   0.04669  0.009847  0.007524   0.06406         4       640    0.6324    0.5626    0.5718    0.2458    0.0506  0.006893  0.007981
    13/399     16.8G   0.04658  0.009823  0.007604   0.06401         4       640    0.6405    0.5754    0.5951    0.2581   0.05339  0.006905   0.01094
    14/399     16.8G   0.04608  0.009936  0.007219   0.06323         0       640    0.6585    0.6126    0.6183    0.2563   0.05035  0.006886  0.007423
    15/399     16.8G   0.04644  0.009709  0.006956    0.0631         1       640    0.6732    0.5866    0.6148    0.2603   0.05023  0.006693  0.007344
    16/399     16.8G   0.04543   0.01006  0.006996   0.06248         1       640    0.6327    0.5591    0.5826    0.2508   0.05283  0.006973   0.01283
    17/399     16.8G    0.0466   0.01006   0.00745   0.06411         5       640    0.6607    0.5893    0.6183    0.2685   0.04946  0.006678  0.007538
    18/399     16.8G   0.04798   0.01016  0.008209   0.06635         4       640    0.6009    0.5774     0.575    0.2373   0.05022  0.007039  0.008843
    19/399     16.8G   0.04681   0.01004  0.007522   0.06438         3       640    0.6482    0.5667    0.5906    0.2402   0.05037  0.006798  0.007978
    20/399     16.8G   0.04586  0.009909  0.007562   0.06333        12       640    0.6246    0.6136    0.6081    0.2711   0.04844  0.006839  0.007287
    21/399     16.8G   0.04552  0.009897  0.007004   0.06243         5       640    0.6575    0.5958     0.617     0.269   0.04883  0.006758  0.007235
    22/399     16.8G   0.04538  0.009976  0.006806   0.06217         1       640    0.6891     0.587    0.6183    0.2721   0.04765  0.006793  0.008496
    23/399     16.8G   0.04499  0.009831  0.006591   0.06142         2       640    0.6695    0.6188     0.638    0.2793   0.04871  0.006701  0.007833
    24/399     16.8G   0.04477   0.00985  0.006925   0.06155         0       640    0.6384    0.5973    0.5966    0.2514   0.05174  0.006889   0.05064
    25/399     16.8G   0.04524  0.009759  0.006988   0.06198         9       640    0.7184    0.5763    0.6343    0.2784   0.04794  0.006678  0.007185
    26/399     16.8G   0.04514  0.009477  0.006995   0.06162         8       640    0.6806    0.5973    0.6412     0.288   0.04767  0.006742   0.00676
    27/399     16.8G    0.0441  0.009769  0.006672   0.06054         1       640    0.6671    0.6134    0.6257    0.2749   0.04741  0.006844  0.006768
    28/399     16.8G   0.04419  0.009804  0.006616   0.06061        10       640     0.679     0.609    0.6467    0.2826   0.04653  0.006626  0.006415
    29/399     16.8G    0.0442  0.009993  0.006874   0.06107         1       640     0.728    0.5884    0.6593    0.3069   0.04633  0.006673   0.00636
    30/399     16.8G   0.04442  0.009687  0.006371   0.06048        13       640    0.7366    0.5913    0.6602     0.301   0.04765  0.006565  0.007318
    31/399     16.8G   0.04406  0.009664  0.006307   0.06004         1       640    0.6868    0.6228    0.6565    0.2963   0.04722  0.006593   0.00633
    32/399     16.8G   0.04361  0.009544  0.006302   0.05945         4       640    0.6969      0.63    0.6753    0.3176   0.04631  0.006576  0.006024
    33/399     16.8G   0.04338  0.009665   0.00638   0.05943         3       640    0.6563    0.6398    0.6618    0.3116   0.04629  0.006593  0.006119
    34/399     16.8G   0.04335  0.009611  0.006224   0.05918         0       640    0.6729    0.6479    0.6675    0.3032   0.04766  0.006614  0.006683
    35/399     16.8G   0.04292  0.009436  0.006103   0.05846         0       640    0.7071    0.6251    0.6625    0.3001   0.04694  0.006474  0.006874
    36/399     16.8G   0.04307  0.009426   0.00578   0.05828         1       640    0.6712    0.6403    0.6567    0.3031   0.04548  0.006559  0.006045
    37/399     16.8G   0.04287  0.009424  0.006042   0.05834         6       640    0.6856    0.6484    0.6698    0.3158   0.04424   0.00644   0.00594
    38/399     16.8G   0.04305  0.009602   0.00579   0.05844         0       640     0.712    0.6522    0.6861    0.3139   0.04546  0.006526  0.005708
    39/399     16.8G   0.04281  0.009428  0.006275   0.05851         2       640    0.7086    0.6407    0.6795    0.3095   0.04549  0.006573  0.005637
    40/399     16.8G    0.0427  0.009402  0.005867   0.05797         2       640    0.7082    0.6451    0.6892    0.3137   0.04524  0.006546   0.00554
    41/399     16.8G   0.04207  0.009365  0.005837   0.05728         1       640    0.7378    0.6524    0.7078    0.3305   0.04422  0.006436  0.005329
    42/399     16.8G   0.04221  0.009408   0.00569   0.05731         0       640     0.705    0.6575    0.6888    0.3215   0.04554  0.006534  0.006112
    43/399     16.8G     0.043  0.009601  0.005749   0.05834         2       640    0.7199    0.6505    0.6869    0.3239   0.04509   0.00643  0.005664
    44/399     16.8G   0.04239  0.009412  0.005645   0.05744         1       640    0.7375    0.6483    0.6954    0.3248   0.04385  0.006374  0.004911
    45/399     16.8G   0.04214  0.009447  0.005588   0.05717         2       640    0.7462    0.6482    0.6975    0.3332   0.04432   0.00647  0.005121
    46/399     16.8G   0.04198  0.009349   0.00565   0.05698         3       640    0.7367    0.6489    0.7005    0.3424   0.04385  0.006533  0.005626
    47/399     16.8G   0.04184  0.009387  0.005441   0.05667         1       640    0.7127    0.6785    0.7009     0.337    0.0437  0.006375  0.005275
    48/399     16.8G   0.04254  0.009379  0.005498   0.05742         4       640    0.7224    0.6692    0.7067    0.3389   0.04366   0.00636  0.005329
    49/399     16.8G   0.04232  0.009308  0.005432   0.05706         4       640    0.7393    0.6533    0.7054     0.338   0.04361  0.006319  0.005626
    50/399     16.8G   0.04261  0.009339  0.005618   0.05756         2       640    0.7252    0.6595    0.7035    0.3341   0.04522  0.006462  0.007535
    51/399     16.8G   0.04214   0.00942  0.005863   0.05742         4       640     0.703    0.6747    0.6967    0.3333   0.04375  0.006439  0.005293
    52/399     16.8G   0.04204  0.009469   0.00555   0.05706         5       640    0.7392    0.6432    0.7044    0.3481   0.04295  0.006468   0.00471
    53/399     16.8G   0.04153  0.009325  0.004971   0.05582         2       640    0.7443    0.6357    0.7016    0.3444   0.04379  0.006407  0.005605
    54/399     16.8G   0.04112   0.00942  0.005479   0.05602         0       640    0.7059    0.6851    0.7089    0.3418   0.04495  0.006346  0.005832
    55/399     16.8G   0.04185  0.009398  0.005436   0.05669         5       640    0.7268    0.6786    0.7168     0.344   0.04343  0.006288  0.005326
    56/399     16.8G   0.04163  0.009341  0.005405   0.05638         6       640    0.7334    0.6676    0.7106    0.3509   0.04376  0.006366  0.006083
    57/399     16.8G   0.04151  0.009304  0.005311   0.05612         3       640    0.7402    0.6698    0.7216    0.3598   0.04263  0.006268  0.004883
    58/399     16.8G   0.04161  0.009319  0.005298   0.05623         2       640    0.7503    0.6668    0.7242    0.3559   0.04328  0.006379  0.005703
    59/399     16.8G   0.04151  0.009212  0.004982   0.05571         2       640    0.7805    0.6524    0.7228    0.3543   0.04221    0.0063  0.004798
    60/399     16.8G   0.04113  0.009247  0.005068   0.05544         4       640    0.7185    0.6851    0.7155    0.3526   0.04314  0.006331   0.00533
    61/399     16.8G   0.04132  0.009308  0.005303   0.05593         2       640    0.7865    0.6636    0.7359    0.3668    0.0426  0.006307  0.004496
    62/399     16.8G   0.04125  0.009387  0.005168    0.0558         0       640    0.7488    0.6749    0.7309     0.371   0.04179  0.006206  0.004388
    63/399     16.8G   0.04084  0.009118   0.00496   0.05492         1       640    0.7677    0.6554    0.7301    0.3667    0.0424  0.006228  0.004567
    64/399     16.8G   0.04147  0.009296  0.005254   0.05602         2       640    0.7418    0.6832    0.7292    0.3671   0.04188   0.00626   0.00474
    65/399     16.8G   0.04096  0.009197  0.005063   0.05522         1       640    0.7642    0.6838    0.7391    0.3757   0.04161  0.006221  0.004722
    66/399     16.8G   0.04144  0.009229  0.005455   0.05612         0       640    0.7353    0.6946      0.73    0.3673   0.04183   0.00626  0.004556
    67/399     16.8G   0.04088   0.00914  0.005231   0.05526         5       640    0.7569    0.6707    0.7313    0.3786   0.04161  0.006248  0.004457
    68/399     16.8G   0.04078  0.009441  0.005029   0.05525         7       640    0.7884    0.6604    0.7347    0.3756   0.04124  0.006291  0.004349
    69/399     16.8G   0.04195  0.009425  0.005349   0.05672         2       640    0.7794    0.6466    0.7269    0.3634    0.0413  0.006341  0.004791
    70/399     16.8G    0.0413  0.009397  0.005296   0.05599         6       640    0.7654    0.6834    0.7321    0.3765   0.04143  0.006253  0.004475
    71/399     16.8G   0.04023   0.00918  0.005029   0.05443         0       640    0.7371    0.7132    0.7422    0.3777   0.04149  0.006229   0.00442
    72/399     16.8G   0.04034  0.009204  0.004964   0.05451         2       640    0.7543    0.6801     0.734    0.3748   0.04136  0.006253  0.004521
    73/399     16.8G   0.04081  0.009271  0.005097   0.05518         5       640    0.7625    0.6808     0.743    0.3788   0.04172   0.00624  0.007671
    74/399     16.8G   0.04071  0.009065  0.004627    0.0544         2       640    0.7363    0.7184     0.746    0.3796   0.04126  0.006255  0.005129
    75/399     16.8G   0.04073  0.009187  0.004907   0.05483         4       640    0.7356    0.6969    0.7399    0.3816   0.04079  0.006327    0.0045
    76/399     16.8G   0.04004  0.009203  0.004628   0.05387         2       640    0.7282    0.7239    0.7452     0.388   0.04113   0.00612  0.004322
    77/399     16.8G   0.04079  0.009204  0.004947   0.05494         1       640    0.7746    0.6851    0.7527    0.3896   0.04185   0.00614  0.004724
    78/399     16.8G   0.04045  0.009229   0.00486   0.05454         2       640    0.7532    0.6989    0.7466    0.3836    0.0409  0.006236  0.004572
    79/399     16.8G   0.04074  0.009252   0.00493   0.05492         2       640    0.7701    0.6846    0.7469    0.3888   0.04051  0.006238  0.004315
    80/399     16.8G   0.03993  0.009187  0.004683    0.0538         5       640    0.7692    0.6906    0.7541    0.3918   0.04049  0.006178  0.004471
    81/399     16.8G   0.03958  0.009229  0.004551   0.05336         0       640    0.7798    0.6839    0.7519    0.3977   0.04001  0.006133   0.00454
    82/399     16.8G   0.03971  0.009269  0.004532   0.05351         2       640    0.7746     0.702    0.7609    0.4011   0.04013  0.006194  0.004148
    83/399     16.8G   0.03993  0.009112  0.004706   0.05375         6       640    0.7614    0.7029    0.7532    0.3988   0.04022  0.006203  0.004152
    84/399     16.8G   0.03995  0.009273  0.004796   0.05402         0       640    0.7724    0.7059    0.7605     0.402   0.03979  0.006138  0.004471
    85/399     16.8G   0.04003   0.00902  0.004623   0.05368         3       640    0.7719    0.7028    0.7581     0.396   0.04056  0.006158  0.005282
    86/399     16.8G   0.04014   0.00915  0.005062   0.05435         1       640    0.7741    0.7077     0.761    0.3991   0.03942  0.006186  0.004293
    87/399     16.8G   0.03967  0.009296   0.00483    0.0538         0       640    0.7697    0.7165    0.7636    0.3936   0.04003  0.006124  0.006215
    88/399     16.8G   0.04019  0.008906  0.004609    0.0537         0       640     0.743    0.7309    0.7617    0.3916   0.04029   0.00614  0.004119
    89/399     16.8G   0.04015  0.009154    0.0048    0.0541         1       640    0.7412    0.7295    0.7575    0.3872   0.04072  0.006102  0.004364
    90/399     16.8G   0.04045  0.009308  0.004821   0.05458         3       640    0.7454    0.7122    0.7545    0.3916   0.04116  0.006141  0.006237
    91/399     16.8G   0.04043  0.009348  0.005045   0.05483         5       640    0.7434     0.725    0.7607    0.3991   0.03991  0.006096  0.004281
    92/399     16.8G   0.03998  0.009109  0.004671   0.05376         3       640    0.7582    0.7186    0.7657    0.4025   0.03997  0.006051  0.004348
    93/399     16.8G   0.03937  0.008972  0.004473   0.05281         6       640    0.7665    0.7141    0.7672    0.4034   0.03953  0.006052  0.004663
    94/399     16.8G   0.03969  0.009284  0.004815   0.05379         8       640    0.8017    0.7014    0.7783    0.4112   0.03925  0.006079  0.004091
    95/399     16.8G   0.03952  0.009026  0.004534   0.05308         5       640    0.7731    0.7312    0.7762    0.4097   0.03907  0.006065  0.004422
    96/399     16.8G   0.03913  0.009138  0.004217   0.05249         2       640    0.7853     0.714    0.7714    0.4064   0.03903   0.00611  0.004374
    97/399     16.8G   0.03888  0.009126  0.004648   0.05266        11       640    0.8037    0.7019    0.7735    0.4158   0.03894  0.006022  0.003913
    98/399     16.8G   0.03894  0.009162  0.004565   0.05267         5       640    0.8128    0.6962    0.7749    0.4174   0.03914  0.006011  0.004104
    99/399     16.8G   0.03924  0.009067  0.004312   0.05262        10       640    0.7872    0.7197    0.7739    0.4165   0.03903  0.006063    0.0043
   100/399     16.8G   0.03886  0.009154  0.004839   0.05286         2       640    0.7808    0.7201    0.7767    0.4204   0.03925  0.006023  0.004103
   101/399     16.8G   0.03869  0.008869   0.00437   0.05193         1       640    0.8031    0.7053    0.7764    0.4197   0.03891  0.006017  0.004033
   102/399     16.8G   0.03878   0.00895  0.004447   0.05218         2       640    0.8022    0.7128    0.7766    0.4216   0.03899  0.005996  0.004618
   103/399     16.8G    0.0395  0.009002  0.004668   0.05318         3       640    0.8032    0.7072     0.775     0.418   0.03883  0.006045  0.004894
   104/399     16.8G   0.03896  0.008997  0.004462   0.05242         5       640     0.784    0.7263    0.7827    0.4237   0.03875  0.005979  0.005976
   105/399     16.8G   0.03894  0.009058  0.004683   0.05268         6       640    0.7807     0.729    0.7818    0.4238   0.03887  0.005976  0.005204
   106/399     16.8G   0.03906  0.009143  0.004691   0.05289         1       640    0.8181    0.7101    0.7803    0.4176   0.03889  0.005964  0.005301
   107/399     16.8G   0.03803  0.008871  0.004199    0.0511         8       640    0.8055    0.7218    0.7856    0.4242   0.03828  0.005941  0.005258
   108/399     16.8G    0.0388  0.008921  0.004474   0.05219         3       640    0.8152    0.7078    0.7835    0.4238   0.03841  0.005956  0.005037
   109/399     16.8G   0.03882  0.009063  0.004627   0.05251         6       640    0.8054    0.7158    0.7909    0.4289   0.03836  0.005966  0.006008
   110/399     16.8G   0.03866  0.008915  0.004348   0.05193         1       640    0.7705    0.7533    0.7911    0.4272   0.03839  0.005913  0.006424
   111/399     16.8G   0.03891  0.008943  0.004654   0.05251         3       640    0.7825    0.7508    0.7916    0.4269   0.03866  0.005941   0.00577
   112/399     16.8G   0.03896  0.009044  0.004198   0.05221         1       640    0.8252    0.6967    0.7839    0.4253   0.03859  0.006003  0.005027
   113/399     16.8G   0.03981  0.009294  0.004918   0.05403         3       640    0.7762    0.7297    0.7809    0.4221   0.03873  0.005995  0.004472
   114/399     16.8G     0.039  0.009063  0.004396   0.05245        13       640    0.8039    0.7176    0.7844    0.4254   0.03873  0.005931  0.003809
   115/399     16.8G   0.03832  0.008842  0.004411   0.05158         4       640    0.7828    0.7398    0.7897    0.4316   0.03841  0.005923  0.003864
   116/399     16.8G   0.03851  0.009033  0.004562    0.0521         3       640    0.7992    0.7337    0.7924    0.4357   0.03826  0.005929  0.004015
   117/399     16.8G   0.03803  0.008773  0.004375   0.05118         1       640    0.7845    0.7492    0.7955    0.4373   0.03781    0.0059  0.003674
   118/399     16.8G   0.04059  0.009658  0.004951   0.05519         8       640    0.7868    0.7179    0.7747    0.4131    0.0391  0.006056  0.003807
   119/399     16.8G   0.03988  0.009328  0.004846   0.05406         4       640    0.7774     0.708    0.7705    0.4143   0.03872  0.006092  0.003808
   120/399     16.8G   0.03893  0.009186  0.004417   0.05253         1       640    0.8015    0.7109    0.7784    0.4207   0.03874  0.006038  0.003762
   121/399     16.8G   0.03876  0.009159  0.004404   0.05232         1       640    0.7821    0.7317    0.7828    0.4272   0.03833  0.006023  0.003762
   122/399     16.8G   0.03904  0.009225  0.004686   0.05295         7       640    0.8001    0.7306    0.7915    0.4352   0.03784  0.005965  0.003637
   123/399     16.8G   0.03837  0.008889  0.004264   0.05153         6       640    0.7946    0.7338     0.792    0.4389   0.03757  0.005922  0.003627
   124/399     16.8G   0.03814  0.008891  0.004217   0.05125         8       640    0.8092    0.7292     0.796    0.4413   0.03733   0.00592  0.003584
   125/399     16.8G   0.03812  0.008833  0.004169   0.05112         4       640    0.7835    0.7549     0.799    0.4403   0.03731  0.005933  0.003568
   126/399     16.8G   0.03844  0.008968  0.004167   0.05157         2       640    0.7921    0.7503    0.8013    0.4414    0.0373  0.005906  0.003889
   127/399     16.8G   0.03863  0.008994  0.004607   0.05223         3       640    0.8401     0.712    0.7988     0.438   0.03727  0.005907  0.003969
   128/399     16.8G   0.03805  0.009028  0.004602   0.05168         5       640    0.8191    0.7246    0.7988    0.4406   0.03722  0.005907   0.00403
   129/399     16.8G   0.03764  0.008939  0.004217   0.05079         8       640    0.7919    0.7438       0.8    0.4423   0.03715  0.005858  0.004038
   130/399     16.8G     0.038  0.008793  0.003892   0.05069         4       640    0.7877    0.7543    0.7978    0.4417   0.03701  0.005861  0.004073
   131/399     16.8G   0.03807  0.009015  0.004242   0.05133         6       640    0.7992    0.7525    0.8014    0.4445   0.03695  0.005878  0.004004
   132/399     16.8G   0.03729  0.008685  0.003994   0.04997         4       640    0.8151    0.7339    0.8006    0.4468   0.03684  0.005874  0.004057
   133/399     16.8G   0.03765  0.008722  0.004082   0.05045         1       640     0.795    0.7535    0.8013    0.4487   0.03691  0.005877  0.004307
   134/399     16.8G   0.03748  0.008834  0.004023   0.05033         3       640    0.8191    0.7318    0.8039    0.4492   0.03696  0.005854  0.004284
   135/399     16.8G   0.03705  0.008879   0.00393   0.04986         1       640    0.8054     0.741    0.8038    0.4528   0.03684  0.005839  0.004104
   136/399     16.8G   0.03757  0.008838   0.00398   0.05039         0       640    0.7988    0.7445    0.8055    0.4533   0.03674  0.005803   0.00402
   137/399     16.8G   0.03727  0.008941  0.004262   0.05047         1       640     0.787    0.7563    0.8049    0.4535   0.03679  0.005774   0.00384
   138/399     16.8G   0.03761  0.009065  0.004188   0.05087         3       640    0.8224    0.7222    0.8026    0.4517   0.03696  0.005763  0.003646
   139/399     16.8G    0.0374  0.008899  0.004078   0.05038         2       640    0.7964    0.7535    0.8031    0.4537   0.03693  0.005762  0.003634
   140/399     16.8G   0.03742   0.00904  0.004145   0.05061         0       640    0.7958    0.7571    0.8064    0.4568   0.03692  0.005739  0.003551
   141/399     16.8G    0.0373  0.008694  0.004105    0.0501         1       640    0.8156    0.7396    0.8081    0.4599   0.03687  0.005722   0.00343
   142/399     16.8G   0.03715  0.008832  0.003907   0.04989         8       640    0.7967    0.7595      0.81    0.4595   0.03672  0.005724  0.003429
   143/399     16.8G    0.0371  0.008831  0.003933   0.04987         2       640    0.7805     0.776    0.8092    0.4597   0.03662  0.005725  0.003451
   144/399     16.8G   0.03634  0.008765  0.003649   0.04875         8       640    0.8044    0.7599    0.8109    0.4615    0.0365  0.005714   0.00346
   145/399     16.8G   0.03625  0.008791  0.003949   0.04899         7       640     0.808    0.7634    0.8133     0.464   0.03627  0.005706  0.003428
   146/399     16.8G   0.03642  0.008673  0.003962   0.04905         0       640    0.8066    0.7633    0.8134    0.4653   0.03605  0.005691  0.003424
   147/399     16.8G    0.0366  0.008542  0.003833   0.04897         6       640    0.8243     0.759    0.8168    0.4665   0.03593   0.00569  0.003445
   148/399     16.8G   0.03677  0.008697  0.003867   0.04933         5       640    0.8306    0.7487    0.8166    0.4669   0.03583  0.005692  0.003459
   149/399     16.8G   0.03637   0.00876  0.003769    0.0489         5       640    0.8127    0.7581    0.8161    0.4674   0.03583  0.005696  0.003508
   150/399     16.8G   0.03645   0.00877  0.003908   0.04913         5       640    0.8072    0.7616    0.8148    0.4666   0.03579  0.005693  0.003496
   151/399     16.8G   0.03689  0.008742  0.003882   0.04952         2       640    0.8003    0.7714    0.8166    0.4692    0.0358  0.005681  0.003454
   152/399     16.8G   0.03654  0.008594  0.003779   0.04891         5       640    0.8246    0.7534    0.8181    0.4717    0.0358  0.005672    0.0035
   153/399     16.8G   0.03645  0.008611  0.003762   0.04882         5       640    0.7974    0.7756    0.8184    0.4713   0.03571  0.005662  0.003401
   154/399     16.8G   0.03635  0.008654  0.003633   0.04863         2       640    0.8116    0.7702    0.8203     0.472   0.03564  0.005654  0.003384
   155/399     16.8G   0.03639  0.008613  0.003737   0.04874         5       640    0.8272    0.7588    0.8216    0.4748   0.03554  0.005643  0.003367
   156/399     16.8G   0.03617  0.008629   0.00382   0.04862         1       640    0.8335    0.7481    0.8225    0.4759   0.03541  0.005637  0.003346
   157/399     16.8G   0.03615  0.008559  0.003579   0.04829         2       640    0.8361    0.7518    0.8228    0.4776   0.03534   0.00564  0.003399
   158/399     16.8G    0.0361  0.008714  0.003742   0.04856         3       640     0.836    0.7523    0.8222    0.4782   0.03537  0.005644  0.003529
   159/399     16.8G   0.03566  0.008425  0.003546   0.04763         2       640    0.8307    0.7538    0.8208    0.4804   0.03522   0.00564  0.003583
   160/399     16.8G   0.03752  0.009013  0.004371   0.05091         4       640    0.8218    0.7596    0.8197    0.4786   0.03498  0.005615  0.003327
   161/399     16.8G   0.03688  0.008662  0.003755    0.0493         6       640    0.8246    0.7589    0.8197    0.4766   0.03498  0.005617  0.003337
   162/399     16.8G   0.03645  0.008601  0.003682   0.04874         4       640    0.8339    0.7529    0.8203    0.4792   0.03501   0.00561  0.003328
   163/399     16.8G   0.03599  0.008485  0.003958   0.04844         3       640    0.8236    0.7642    0.8204    0.4792   0.03498  0.005601  0.003326
   164/399     16.8G   0.03595  0.008523   0.00374   0.04821         2       640    0.8294    0.7618    0.8216    0.4814   0.03495    0.0056  0.003328
   165/399     16.8G   0.03628  0.008736  0.003883    0.0489         4       640    0.8356    0.7555     0.822    0.4822   0.03489  0.005608  0.003314
   166/399     16.8G    0.0361  0.008575  0.003787   0.04846         2       640    0.8503     0.748    0.8242    0.4812   0.03484   0.00561  0.003304
   167/399     16.8G   0.03567  0.008604  0.003418   0.04769         3       640    0.8346    0.7614    0.8254    0.4825   0.03483  0.005611  0.003297
   168/399     16.8G   0.03554  0.008541   0.00356   0.04764         4       640    0.8349    0.7627    0.8257    0.4829   0.03475  0.005611  0.003304
   169/399     16.8G    0.0354  0.008509  0.003363   0.04728         0       640    0.8338    0.7665    0.8269    0.4852   0.03472  0.005614  0.003306
   170/399     16.8G   0.03558  0.008598  0.003479   0.04765         7       640    0.8298    0.7714    0.8278    0.4858    0.0347  0.005606  0.003306
   171/399     16.8G   0.03562  0.008652  0.003586   0.04786         8       640    0.8378    0.7665    0.8284    0.4879    0.0347  0.005601  0.003284
   172/399     16.8G   0.03501  0.008462  0.003381   0.04685         0       640    0.8325    0.7669    0.8282    0.4886   0.03471  0.005604  0.003269
   173/399     16.8G   0.03538  0.008586  0.003788   0.04775         2       640    0.8423    0.7583    0.8282    0.4885   0.03471  0.005598  0.003284
   174/399     16.8G   0.03499  0.008537  0.003614   0.04714         1       640    0.8412    0.7595    0.8287    0.4886   0.03467  0.005587  0.003276
   175/399     16.8G   0.03521  0.008316  0.003392   0.04692         1       640    0.8427     0.759    0.8305    0.4901   0.03461  0.005585  0.003267
   176/399     16.8G   0.03515  0.008539  0.003395   0.04708         6       640    0.8378    0.7668    0.8304    0.4904   0.03456  0.005583  0.003263
   177/399     16.8G   0.03499  0.008482  0.003429    0.0469         5       640    0.8426    0.7646    0.8314    0.4903   0.03451  0.005577  0.003254
   178/399     16.8G   0.03515  0.008504  0.003637   0.04729         3       640    0.8492    0.7619    0.8318    0.4915   0.03448   0.00557   0.00324
   179/399     16.8G   0.03533  0.008404  0.003464    0.0472         0       640    0.8321    0.7772    0.8325    0.4923   0.03445   0.00556  0.003213
   180/399     16.8G   0.03457  0.008515  0.003427   0.04651         3       640    0.8441    0.7668    0.8326    0.4935   0.03445  0.005557  0.003206
   181/399     16.8G   0.03479   0.00824  0.003409   0.04644         5       640    0.8364    0.7736    0.8334    0.4956   0.03442  0.005548  0.003196
   182/399     16.8G   0.03422  0.008512  0.003353   0.04609         1       640    0.8429    0.7669    0.8336    0.4959   0.03439  0.005541  0.003193
   183/399     16.8G   0.03459  0.008473  0.003325   0.04639         5       640    0.8361     0.771    0.8339    0.4966   0.03437  0.005541  0.003191
   184/399     16.8G    0.0346  0.008519  0.003455   0.04658         7       640    0.8386    0.7685    0.8333    0.4961   0.03435  0.005535  0.003184
   185/399     16.8G   0.03471  0.008409  0.003428   0.04655         4       640    0.8484    0.7618    0.8338    0.4972    0.0343   0.00553  0.003188
   186/399     16.8G   0.03438  0.008379  0.003396   0.04615         2       640    0.8455     0.767    0.8344    0.4977   0.03427  0.005526  0.003188
   187/399     16.8G   0.03416   0.00843  0.003186   0.04577         3       640    0.8426     0.768    0.8344    0.4978   0.03427   0.00552  0.003186
   188/399     16.8G   0.03456  0.008616  0.003184   0.04636         4       640    0.8527    0.7602    0.8345     0.499   0.03423  0.005515  0.003185
   189/399     16.8G   0.03425  0.008472  0.003312   0.04603         0       640    0.8491    0.7646    0.8357    0.5005   0.03418  0.005511   0.00318
   190/399     16.8G   0.03418  0.008253  0.003335   0.04577         1       640    0.8559    0.7598     0.836    0.4994   0.03413  0.005506  0.003179
   191/399     16.8G   0.03395  0.008386  0.003024   0.04536         4       640    0.8595    0.7585    0.8367    0.4995   0.03408  0.005501  0.003182
   192/399     16.8G   0.03411  0.008507  0.003197   0.04581         4       640    0.8611    0.7575    0.8365    0.4998   0.03403  0.005495  0.003179
   193/399     16.8G   0.03388  0.008308  0.003241   0.04543         2       640    0.8599    0.7613     0.837    0.5011   0.03399  0.005486  0.003182
   194/399     16.8G   0.03394  0.008478  0.003278    0.0457         3       640    0.8632    0.7597    0.8374    0.5015   0.03394  0.005479  0.003183
   195/399     16.8G    0.0336  0.008161  0.003127   0.04489         0       640    0.8636     0.761    0.8378    0.5017   0.03388  0.005474  0.003184
   196/399     16.8G   0.03379  0.008201  0.003336   0.04533         0       640    0.8608    0.7635    0.8388    0.5018   0.03384  0.005471  0.003183
   197/399     16.8G   0.03312   0.00823  0.003153    0.0445         1       640     0.857    0.7671    0.8394    0.5023    0.0338  0.005468  0.003181
   198/399     16.8G   0.03376  0.008187  0.003217   0.04517         8       640     0.859    0.7648    0.8402    0.5035   0.03376  0.005465  0.003182
   199/399     16.8G   0.03338  0.008115  0.003059   0.04455         1       640    0.8539    0.7693    0.8407    0.5037   0.03372  0.005461  0.003184
   200/399     16.8G   0.03323  0.008214  0.003022   0.04446         3       640    0.8567    0.7689    0.8408    0.5041   0.03367  0.005453  0.003183
   201/399     16.8G   0.03382  0.008414  0.003012   0.04525         0       640    0.8558    0.7695    0.8414    0.5049   0.03363  0.005448  0.003181
   202/399     16.8G   0.03302  0.008257  0.002794   0.04407         0       640    0.8614    0.7692    0.8415    0.5054    0.0336  0.005445  0.003178
   203/399     16.8G   0.03308  0.008417  0.003015   0.04452         4       640    0.8611    0.7701    0.8425    0.5058   0.03357   0.00544  0.003179
   204/399     16.8G   0.03287  0.008146  0.003211   0.04423         1       640    0.8583    0.7698    0.8423    0.5075   0.03353  0.005435   0.00317
   205/399     16.8G    0.0329  0.008237  0.003092   0.04423         1       640    0.8579    0.7734    0.8435    0.5078    0.0335   0.00543  0.003163
   206/399     16.8G   0.03292  0.008168  0.003168   0.04426         5       640     0.831    0.7959    0.8437    0.5081   0.03347  0.005425   0.00316
   207/399     16.8G   0.03339    0.0082  0.003135   0.04472         8       640    0.8369    0.7948    0.8442    0.5091   0.03343   0.00542  0.003149
   208/399     16.8G   0.03283  0.008163   0.00312   0.04411         5       640    0.8365    0.7963    0.8439     0.509   0.03339  0.005417  0.003139
   209/399     16.8G   0.03277  0.008223  0.002872   0.04387         3       640    0.8382    0.7948    0.8447    0.5092   0.03335  0.005411  0.003131
   210/399     16.8G   0.03298   0.00798   0.00297   0.04393         2       640    0.8442    0.7916    0.8451    0.5093   0.03331  0.005406  0.003125
   211/399     16.8G   0.03298   0.00819  0.003212   0.04439         3       640     0.846    0.7914    0.8455    0.5105   0.03326    0.0054  0.003117
   212/399     16.8G   0.03269  0.008203  0.002906    0.0438         2       640    0.8445    0.7927    0.8457    0.5117   0.03322  0.005397  0.003111
   213/399     16.8G   0.03244  0.008062  0.002952   0.04345         1       640    0.8492    0.7894     0.846    0.5124   0.03318  0.005393  0.003109
   214/399     16.8G   0.03212  0.008173  0.003025   0.04332         5       640    0.8487    0.7911    0.8461    0.5132   0.03314   0.00539  0.003104
   215/399     16.8G    0.0326   0.00796  0.003012   0.04357         1       640    0.8483    0.7935    0.8469    0.5136   0.03309  0.005387  0.003098
   216/399     16.8G   0.03207   0.00804  0.002875   0.04298         3       640    0.8458    0.7933    0.8471    0.5148   0.03305  0.005383  0.003095
   217/399     16.8G   0.03242  0.007974  0.003094   0.04348         0       640    0.8468    0.7916    0.8474    0.5149     0.033  0.005379  0.003095
   218/399     16.8G   0.03213  0.008029  0.002901   0.04306         3       640    0.8451    0.7952    0.8481    0.5147   0.03296  0.005374  0.003094
   219/399     16.8G    0.0324  0.008118  0.002962   0.04348        14       640    0.8475    0.7946    0.8485    0.5157   0.03293  0.005369  0.003089
   220/399     16.8G   0.03233  0.008114  0.002909   0.04335        10       640    0.8622    0.7821    0.8488    0.5164   0.03289  0.005364  0.003084
   221/399     16.8G   0.03224  0.008081  0.002963   0.04328         4       640    0.8612     0.784     0.849    0.5172   0.03286  0.005359  0.003079
   222/399     16.8G   0.03212  0.008108  0.003002   0.04323         3       640    0.8619    0.7842    0.8491    0.5171   0.03282  0.005355  0.003073
   223/399     16.8G   0.03226   0.00804   0.00275   0.04305         1       640     0.855    0.7899    0.8493    0.5178   0.03278  0.005351  0.003069
   224/399     16.8G   0.03241  0.008179    0.0029   0.04348         6       640    0.8594    0.7865    0.8496    0.5183   0.03274  0.005347  0.003064
   225/399     16.8G   0.03265  0.008128   0.00318   0.04396         3       640    0.8593     0.786    0.8488    0.5182   0.03271  0.005343  0.003061
   226/399     16.8G   0.03195  0.008102   0.00292   0.04297         6       640    0.8594    0.7876    0.8491    0.5188   0.03268   0.00534  0.003057
   227/399     16.8G   0.03193  0.008062  0.002694   0.04269         4       640    0.8604    0.7891    0.8493    0.5194   0.03266  0.005336  0.003051
   228/399     16.8G   0.03141  0.007936  0.002931   0.04228         5       640    0.8593    0.7882    0.8493    0.5199   0.03263  0.005332  0.003045
   229/399     16.8G   0.03195  0.008104  0.002827   0.04288         3       640    0.8532    0.7938    0.8497    0.5193    0.0326  0.005328  0.003041
   230/399     16.8G   0.03184  0.007885  0.002827   0.04255         4       640    0.8486    0.7995    0.8496    0.5201   0.03257  0.005324  0.003038
   231/399     16.8G   0.03147  0.008031  0.002815   0.04232         5       640    0.8476    0.8017    0.8507    0.5206   0.03254   0.00532  0.003035
   232/399     16.8G   0.03152   0.00803  0.002916   0.04246         0       640    0.8498    0.8003    0.8508    0.5208   0.03251  0.005316  0.003033
   233/399     16.8G   0.03166  0.008006  0.002786   0.04245         1       640    0.8504    0.8007    0.8512    0.5216   0.03249  0.005313  0.003031
   234/399     16.8G   0.03127  0.008088  0.002754   0.04212         5       640    0.8503    0.8017    0.8513    0.5227   0.03246  0.005309  0.003029
   235/399     16.8G   0.03116  0.007878  0.002746   0.04178         2       640    0.8529       0.8    0.8516    0.5226   0.03244  0.005304  0.003028
   236/399     16.8G   0.03117  0.007884  0.002731   0.04179         9       640    0.8534    0.8007    0.8519    0.5232   0.03242  0.005301  0.003026
   237/399     16.8G   0.03106  0.008038  0.002851   0.04195         3       640    0.8517    0.8027     0.852    0.5235   0.03239  0.005298  0.003022
   238/399     16.8G   0.03152  0.007999  0.002782    0.0423         2       640    0.8479    0.8064    0.8519    0.5243   0.03236  0.005294  0.003021
   239/399     16.8G   0.03179  0.007998  0.003063   0.04286         2       640    0.8508    0.8038    0.8524     0.525   0.03233   0.00529  0.003018
   240/399     16.8G   0.03129   0.00795  0.002596   0.04184         4       640     0.849    0.8066    0.8529    0.5254   0.03231  0.005287  0.003015
   241/399     16.8G   0.03084  0.007873  0.002764   0.04148         8       640    0.8496    0.8063     0.853    0.5248   0.03228  0.005284  0.003013
   242/399     16.8G   0.03123  0.008091  0.002931   0.04225         1       640    0.8471    0.8095    0.8534    0.5259   0.03226   0.00528   0.00301
   243/399     16.8G   0.03061  0.007889  0.002661   0.04116         3       640    0.8465    0.8107    0.8539    0.5263   0.03223  0.005278  0.003009
   244/399     16.8G   0.03124  0.008063  0.002795    0.0421         0       640    0.8474    0.8096    0.8544    0.5262    0.0322  0.005274  0.003007
   245/399     16.8G   0.03072  0.007861  0.002669   0.04125         3       640    0.8481    0.8087    0.8544     0.527   0.03217  0.005272  0.003005
   246/399     16.8G   0.03042  0.007889  0.002751   0.04106         2       640    0.8494    0.8073    0.8545    0.5265   0.03215  0.005269  0.003001
   247/399     16.8G   0.03068  0.007925  0.002744   0.04135         6       640    0.8408    0.8146    0.8546    0.5272   0.03212  0.005267  0.002999
   248/399     16.8G   0.03093  0.007776  0.002806   0.04151         7       640    0.8469    0.8089    0.8547    0.5277   0.03209  0.005266  0.002996
   249/399     16.8G   0.03049  0.007881  0.002563   0.04094         3       640    0.8469    0.8096    0.8549    0.5279   0.03207  0.005264  0.002993
   250/399     16.8G   0.03035  0.007889  0.002415   0.04065         0       640    0.8485    0.8081    0.8551    0.5285   0.03204  0.005262  0.002989
   251/399     16.8G   0.03044  0.007841  0.002659   0.04094         0       640    0.8496    0.8076    0.8551    0.5289   0.03201   0.00526  0.002986
   252/399     16.8G   0.03016  0.007832  0.002478   0.04047         4       640    0.8542    0.8046    0.8555    0.5288   0.03198  0.005259  0.002984
   253/399     16.8G   0.02992  0.007833  0.002482   0.04024         0       640    0.8539    0.8058    0.8556    0.5291   0.03196  0.005257   0.00298
   254/399     16.8G   0.02988  0.007689  0.002459   0.04003         0       640    0.8579    0.8018    0.8556    0.5294   0.03193  0.005255  0.002977
   255/399     16.8G   0.03004  0.007701  0.002673   0.04042         1       640    0.8529     0.806    0.8556    0.5299   0.03191  0.005253  0.002973
   256/399     16.8G    0.0301  0.007826  0.002455   0.04038         3       640    0.8508    0.8086    0.8567    0.5306   0.03188   0.00525  0.002969
   257/399     16.8G   0.02996  0.007781  0.002506   0.04024         1       640    0.8536     0.807    0.8569     0.531   0.03185  0.005248  0.002966
   258/399     16.8G   0.02967  0.007727  0.002547   0.03995         3       640    0.8539    0.8077     0.857    0.5311   0.03183  0.005246  0.002962
   259/399     16.8G   0.02986  0.007688  0.002558    0.0401         2       640     0.855    0.8066     0.857    0.5314    0.0318  0.005244  0.002959
   260/399     16.8G   0.03057  0.007837  0.002758   0.04117        10       640    0.8539    0.8081    0.8572    0.5318   0.03177  0.005243  0.002956
   261/399     16.8G   0.02968   0.00765  0.002676   0.04001         0       640    0.8531    0.8081    0.8574    0.5323   0.03175  0.005241  0.002953
   262/399     16.8G   0.02947  0.007853  0.002388   0.03971        13       640    0.8542    0.8076    0.8576    0.5325   0.03172   0.00524  0.002948
   263/399     16.8G   0.02984  0.007827  0.002674   0.04034         1       640    0.8536    0.8076    0.8574    0.5325    0.0317  0.005238  0.002945
   264/399     16.8G   0.02976  0.007857  0.002599   0.04022         4       640    0.8632    0.7989    0.8575    0.5327   0.03168  0.005236  0.002942
   265/399     16.8G   0.02953  0.007897  0.002682    0.0401         1       640    0.8499    0.8108    0.8578    0.5329   0.03165  0.005234  0.002938
   266/399     17.7G    0.0298    0.0077  0.002613   0.04012         2       640    0.8558    0.8061    0.8578     0.534   0.03162  0.005233  0.002933
   267/399     17.5G   0.02958  0.007872  0.002426   0.03988         2       640    0.8534    0.8083    0.8577    0.5339    0.0316  0.005231  0.002927
   268/399     17.5G   0.02942   0.00774  0.002391   0.03955         1       640    0.8491    0.8122    0.8577    0.5341   0.03157   0.00523  0.002923
   269/399     17.5G   0.02938  0.007718  0.002557   0.03965         1       640    0.8501    0.8135    0.8582    0.5348   0.03155  0.005228  0.002917
   270/399     17.5G   0.02931  0.007692  0.002612   0.03961         8       640    0.8512    0.8137    0.8583    0.5346   0.03152  0.005226  0.002913
   271/399     17.5G    0.0293  0.007704  0.002634   0.03964         0       640    0.8516    0.8127    0.8585    0.5353   0.03149  0.005225  0.002909
   272/399     17.5G   0.02936  0.007819  0.002486   0.03967         7       640    0.8532    0.8128    0.8586    0.5355   0.03147  0.005224  0.002905
   273/399     17.5G   0.02859  0.007707  0.002445   0.03874         1       640    0.8522    0.8132    0.8587    0.5359   0.03144  0.005222    0.0029
   274/399     17.5G   0.02875  0.007616  0.002486   0.03885         4       640    0.8471     0.818    0.8588     0.536   0.03141   0.00522  0.002896
   275/399     17.5G   0.02903  0.007818  0.002425   0.03927         3       640    0.8546    0.8115    0.8592    0.5364   0.03139  0.005218  0.002891
   276/399     17.5G   0.02913  0.007654  0.002474   0.03926         1       640    0.8544    0.8112    0.8588    0.5372   0.03136  0.005217  0.002886
   277/399     17.5G   0.02847  0.007643  0.002373   0.03849         1       640    0.8554    0.8104     0.859    0.5372   0.03134  0.005216  0.002881
   278/399     17.5G   0.02834  0.007388  0.002188   0.03791         4       640    0.8545     0.812    0.8588    0.5371   0.03131  0.005215  0.002876
   279/399     17.5G   0.02868  0.007459  0.002386   0.03853         4       640     0.856     0.812    0.8591    0.5375   0.03129  0.005214  0.002871
   280/399     17.5G   0.02875  0.007651  0.002438   0.03884         0       640    0.8565    0.8113    0.8591    0.5376   0.03127  0.005213  0.002865
   281/399     17.5G   0.02884  0.007472  0.002409   0.03872         1       640    0.8574    0.8115    0.8594     0.538   0.03124  0.005211   0.00286
   282/399     17.5G    0.0284  0.007732  0.002475   0.03861         1       640    0.8581    0.8103    0.8596    0.5384   0.03122  0.005209  0.002855
   283/399     17.5G   0.02824  0.007569  0.002437   0.03825         5       640    0.8573    0.8116    0.8597    0.5388   0.03119  0.005206  0.002849
   284/399     17.5G   0.02813  0.007535  0.002493   0.03816         4       640    0.8659     0.804    0.8596    0.5382   0.03117  0.005205  0.002843
   285/399     17.5G   0.02824  0.007532  0.002257   0.03803         3       640    0.8602    0.8092    0.8601    0.5386   0.03115  0.005203  0.002838
   286/399     17.5G   0.02837  0.007549  0.002226   0.03815        12       640    0.8641    0.8065    0.8601    0.5391   0.03112  0.005202  0.002833
   287/399     17.5G   0.02834  0.007539  0.002342   0.03822         5       640    0.8607    0.8096    0.8604    0.5395    0.0311  0.005201  0.002827
   288/399     17.5G   0.02796  0.007584  0.002227   0.03778         1       640    0.8623    0.8086    0.8605    0.5394   0.03107  0.005199  0.002821
   289/399     17.5G   0.02798  0.007451  0.002236   0.03767         2       640    0.8534    0.8173    0.8609    0.5398   0.03105  0.005198  0.002814
   290/399     17.5G   0.02806  0.007485  0.002287   0.03783         0       640    0.8543    0.8173    0.8611    0.5401   0.03102  0.005196  0.002807
   291/399     17.5G   0.02765  0.007418  0.002175   0.03724         9       640    0.8545    0.8175    0.8612    0.5403   0.03099  0.005194  0.002801
   292/399     17.5G   0.02764  0.007235  0.002335   0.03721         8       640     0.858    0.8149    0.8614    0.5407   0.03097  0.005193  0.002796
   293/399     17.5G    0.0277  0.007553   0.00231   0.03757         1       640    0.8643    0.8098    0.8616    0.5409   0.03094  0.005192  0.002791
   294/399     17.5G    0.0274   0.00752  0.002416   0.03733        10       640    0.8649    0.8098    0.8617    0.5417   0.03091  0.005189  0.002786
   295/399     17.5G   0.02757  0.007646  0.002184    0.0374         1       640    0.8651    0.8106    0.8619    0.5419   0.03088  0.005187   0.00278
   296/399     17.5G    0.0273  0.007267  0.002101   0.03667        13       640    0.8662    0.8101     0.862     0.542   0.03086  0.005186  0.002775
   297/399     17.5G   0.02753    0.0074  0.002237   0.03717         1       640    0.8661    0.8113     0.862    0.5424   0.03083  0.005184   0.00277
   298/399     17.5G   0.02745  0.007344  0.002164   0.03696         4       640    0.8657    0.8119    0.8624    0.5429    0.0308  0.005184  0.002765
   299/399     17.5G   0.02705   0.00743  0.001988   0.03647         3       640    0.8673    0.8114    0.8626    0.5433   0.03078  0.005182   0.00276
   300/399     17.5G    0.0271  0.007409  0.002161   0.03667         0       640    0.8671     0.813    0.8625    0.5436   0.03075   0.00518  0.002756
   301/399     17.5G    0.0269  0.007339  0.002251   0.03649         0       640     0.868    0.8131    0.8626    0.5438   0.03072  0.005178  0.002751
   302/399     17.5G   0.02688  0.007323  0.002113   0.03632         1       640     0.868    0.8136    0.8627    0.5437    0.0307  0.005177  0.002747
   303/399     17.5G   0.02709  0.007321  0.002273   0.03668         6       640    0.8732    0.8093    0.8629    0.5438   0.03067  0.005176  0.002742
   304/399     17.5G   0.02753   0.00751   0.00218   0.03722         0       640    0.8734    0.8094     0.863    0.5439   0.03064  0.005174  0.002736
   305/399     17.5G   0.02719  0.007319  0.002484   0.03699         2       640     0.871    0.8121    0.8632    0.5447   0.03061  0.005174   0.00273
   306/399     17.5G   0.02672   0.00732  0.001974   0.03602         2       640    0.8739    0.8111    0.8639    0.5445   0.03057  0.005173  0.002726
   307/399     17.5G   0.02672  0.007454  0.002334   0.03651         1       640     0.871    0.8142    0.8641    0.5449   0.03053  0.005173   0.00272
   308/399     17.5G   0.02659  0.007519  0.002068   0.03618         0       640    0.8736    0.8133    0.8642    0.5452    0.0305  0.005172  0.002715
   309/399     17.5G   0.02711  0.007649  0.002171   0.03693         2       640    0.8737    0.8125    0.8643    0.5456   0.03046  0.005172  0.002709
   310/399     17.5G    0.0267  0.007459  0.002209   0.03637         1       640    0.8745    0.8122    0.8644    0.5456   0.03042  0.005173  0.002703
   311/399     17.5G   0.02653  0.007491  0.001934   0.03595         2       640     0.873    0.8137    0.8644    0.5457   0.03038  0.005173  0.002696
   312/399     17.5G   0.02661  0.007508  0.002141   0.03626         3       640    0.8736    0.8139    0.8646    0.5458   0.03033  0.005174  0.002689
   313/399     17.5G   0.02629  0.007467  0.002049   0.03581         1       640    0.8771    0.8112    0.8649    0.5461   0.03029  0.005174  0.002682
   314/399     17.5G   0.02673  0.007652  0.001936   0.03631         4       640    0.8777     0.812    0.8651     0.546   0.03024  0.005175  0.002675
   315/399     17.5G    0.0262  0.007425  0.001882   0.03551         4       640    0.8776    0.8119    0.8651    0.5464    0.0302  0.005175  0.002667
   316/399     17.5G   0.02646  0.007557  0.001921   0.03594         2       640    0.8788    0.8109    0.8654    0.5466   0.03015  0.005177  0.002659
   317/399     17.5G   0.02622  0.007571  0.002205   0.03599         4       640    0.8792    0.8113    0.8653    0.5466   0.03011  0.005178  0.002651
   318/399     17.5G   0.02631  0.007659  0.002053   0.03603         5       640    0.8804    0.8108    0.8655    0.5468   0.03006  0.005181  0.002643
   319/399     17.5G    0.0261   0.00761    0.0019   0.03561         2       640    0.8792    0.8115    0.8656    0.5468   0.03001  0.005182  0.002634
   320/399     17.5G   0.02582  0.007674  0.001963   0.03546         0       640    0.8818    0.8099     0.866    0.5471   0.02996  0.005184  0.002626
   321/399     17.5G   0.02605  0.007638  0.001814   0.03551         5       640     0.882    0.8099    0.8661    0.5477   0.02992  0.005185  0.002619
   322/399     17.5G    0.0261  0.007574  0.001887   0.03556         6       640    0.8815    0.8099    0.8662    0.5483   0.02987  0.005187   0.00261
   323/399     17.5G   0.02598  0.007632  0.001902   0.03551         3       640     0.883      0.81    0.8662    0.5482   0.02982  0.005189  0.002602
   324/399     17.5G   0.02583  0.007607  0.001955   0.03539         2       640    0.8631    0.8267    0.8665    0.5483   0.02977  0.005191  0.002594
   325/399     17.5G    0.0261  0.007563  0.001953   0.03562         2       640    0.8634    0.8268    0.8667    0.5487   0.02972  0.005193  0.002585
   326/399     17.5G   0.02596  0.007633  0.002046   0.03564         4       640    0.8607      0.83    0.8668    0.5486   0.02968  0.005194  0.002577
   327/399     17.5G   0.02568   0.00751  0.002087   0.03528         2       640    0.8628    0.8287     0.867     0.549   0.02962  0.005196  0.002569
   328/399     17.5G    0.0254  0.007578  0.001831   0.03481         0       640    0.8633    0.8299    0.8672     0.549   0.02957  0.005198  0.002561
   329/399     17.5G   0.02532  0.007407  0.001919   0.03465         1       640    0.8628    0.8309    0.8673    0.5494   0.02953    0.0052  0.002553
   330/399     17.5G   0.02557   0.00756  0.002084   0.03521         2       640    0.8633    0.8308    0.8675    0.5492   0.02948  0.005202  0.002544
   331/399     17.5G   0.02554  0.007458  0.001842   0.03484         1       640    0.8655    0.8277    0.8678    0.5498   0.02943  0.005203  0.002536
   332/399     17.5G   0.02579  0.007514  0.002108   0.03541         0       640    0.8646    0.8296     0.868    0.5498   0.02938  0.005206  0.002528
   333/399     17.5G   0.02507  0.007364  0.001955   0.03439         5       640    0.8642    0.8304    0.8681    0.5497   0.02933  0.005207   0.00252
   334/399     17.5G   0.02518  0.007576  0.001896   0.03465         7       640     0.865    0.8299    0.8684    0.5497   0.02928  0.005209  0.002513
   335/399     17.5G   0.02548   0.00755  0.001946   0.03497         2       640    0.8641    0.8314    0.8684    0.5499   0.02923   0.00521  0.002505
   336/399     17.5G   0.02519   0.00749  0.001805   0.03449         6       640    0.8643    0.8311    0.8685    0.5506   0.02918  0.005211  0.002497
   337/399     17.5G   0.02477  0.007339  0.001804   0.03392         0       640    0.8644    0.8319    0.8689    0.5506   0.02912  0.005213   0.00249
   338/399     17.5G   0.02478  0.007344  0.001807   0.03394         2       640    0.8644    0.8319     0.869    0.5512   0.02907  0.005214  0.002483
   339/399     17.5G   0.02467  0.007379  0.001894   0.03394         5       640    0.8648    0.8317    0.8691    0.5519   0.02902  0.005216  0.002475
   340/399     17.5G   0.02488  0.007292  0.001743   0.03392         2       640    0.8621    0.8343    0.8698    0.5521   0.02897  0.005217  0.002468
   341/399     17.5G   0.02478  0.007399  0.001843   0.03402         4       640    0.8621    0.8335    0.8699    0.5525   0.02892  0.005218   0.00246
   342/399     17.5G    0.0244  0.007364  0.001679   0.03344         2       640    0.8623    0.8335      0.87    0.5528   0.02887  0.005219  0.002453
   343/399     17.5G   0.02438  0.007359  0.001889   0.03363         1       640    0.8629    0.8334    0.8702    0.5532   0.02882   0.00522  0.002445
   344/399     17.5G   0.02503  0.007454  0.001927   0.03441         2       640    0.8663    0.8308    0.8709    0.5536   0.02877  0.005222  0.002437
   345/399     17.5G   0.02485  0.007488  0.001799   0.03414         2       640    0.8655    0.8326    0.8711    0.5537   0.02872  0.005222  0.002429
   346/399     17.5G   0.02465  0.007403   0.00174    0.0338         5       640     0.867    0.8321    0.8715     0.554   0.02866  0.005224  0.002423
   347/399     17.5G   0.02421  0.007483  0.001831   0.03353         0       640    0.8664     0.833    0.8716    0.5546   0.02861  0.005225  0.002415
   348/399     17.5G   0.02457   0.00751  0.001844   0.03392         2       640    0.8664     0.833    0.8715    0.5541   0.02856  0.005227  0.002409
   349/399     17.5G   0.02427  0.007261  0.001745   0.03328         6       640    0.8663    0.8333    0.8717    0.5543   0.02851  0.005228  0.002402
   350/399     17.5G   0.02424  0.007418  0.001852   0.03351         0       640    0.8655    0.8336    0.8717    0.5548   0.02846   0.00523  0.002395
   351/399     17.5G   0.02454  0.007308  0.001887   0.03374         3       640    0.8855    0.8167    0.8718    0.5549    0.0284  0.005231  0.002389
   352/399     17.5G   0.02447  0.007321  0.001856   0.03365         1       640    0.8834    0.8187    0.8719    0.5556   0.02835  0.005233  0.002382
   353/399     17.5G     0.024  0.007378  0.001704   0.03308         0       640     0.884    0.8187    0.8721    0.5557    0.0283  0.005234  0.002376
   354/399     17.5G   0.02413   0.00704  0.001837   0.03301         0       640    0.8843    0.8192    0.8724    0.5558   0.02825  0.005236   0.00237
   355/399     17.5G   0.02378  0.007167  0.001632   0.03258         1       640    0.8846    0.8195    0.8726    0.5562    0.0282  0.005237  0.002363
   356/399     17.5G   0.02433  0.007377   0.00181   0.03351         3       640    0.8685    0.8337    0.8726    0.5564   0.02815  0.005238  0.002357
   357/399     17.5G     0.024  0.007358  0.001888   0.03325         5       640    0.8688    0.8335    0.8728    0.5568    0.0281   0.00524  0.002349
   358/399     17.5G   0.02452  0.007276  0.001816   0.03362         3       640    0.8685    0.8341     0.873    0.5574   0.02805   0.00524  0.002343
   359/399     17.5G   0.02398  0.007122  0.001829   0.03293         6       640    0.8837    0.8211    0.8732    0.5575     0.028  0.005241  0.002337
   360/399     17.5G   0.02413  0.007389  0.001757   0.03328         8       640    0.8851    0.8211    0.8732    0.5581   0.02795  0.005242  0.002331
   361/399     17.5G    0.0242  0.007245  0.001875   0.03332         5       640    0.8852    0.8213    0.8735    0.5585    0.0279  0.005242  0.002325
   362/399     17.5G   0.02384  0.007271  0.001673   0.03278         2       640    0.8717    0.8332    0.8734    0.5588   0.02785  0.005244   0.00232
   363/399     17.5G   0.02379  0.007319  0.001756   0.03286        11       640    0.8723    0.8328    0.8736     0.559    0.0278  0.005243  0.002314
   364/399     17.5G   0.02339  0.007288  0.001796   0.03247         5       640    0.8725    0.8333    0.8737     0.559   0.02775  0.005244  0.002309
   365/399     17.5G   0.02394  0.007262  0.001641   0.03284        10       640     0.872    0.8347    0.8739    0.5591   0.02771  0.005244  0.002303
   366/399     17.5G   0.02375  0.007308  0.001815   0.03287         2       640    0.8721    0.8346     0.874    0.5596   0.02765  0.005245  0.002298
   367/399     17.5G    0.0235  0.007038  0.001776   0.03232         1       640    0.8694     0.837    0.8739    0.5598   0.02761  0.005246  0.002292
   368/399     17.5G    0.0236  0.007056  0.001762   0.03242         2       640    0.8696    0.8371     0.874    0.5603   0.02756  0.005247  0.002287
   369/399     17.5G   0.02398  0.007185  0.001733    0.0329         3       640    0.8765    0.8306    0.8741    0.5605   0.02751  0.005248  0.002283
   370/399     17.5G   0.02367  0.007203  0.001782   0.03265         5       640    0.8695    0.8374    0.8742     0.561   0.02746  0.005248  0.002278
   371/399     17.5G   0.02372  0.007227  0.001929   0.03287         6       640    0.8699    0.8386    0.8745    0.5616   0.02741  0.005247  0.002273
   372/399     17.5G   0.02368  0.007192  0.001685   0.03256         1       640    0.8695    0.8391    0.8746    0.5622   0.02737  0.005247  0.002269
   373/399     17.5G   0.02284  0.006984  0.001489   0.03132         8       640    0.8769     0.832    0.8748    0.5628   0.02732  0.005247  0.002265
   374/399     17.5G   0.02331  0.007049  0.001667   0.03203         3       640    0.8786    0.8313     0.875     0.563   0.02728  0.005247  0.002261
   375/399     17.5G   0.02349  0.007207   0.00186   0.03256         6       640    0.8791    0.8319    0.8751    0.5635   0.02723  0.005248  0.002256
   376/399     17.5G   0.02326  0.007044  0.001656   0.03196         1       640    0.8791    0.8323    0.8753    0.5634   0.02718  0.005248  0.002252
   377/399     17.5G    0.0234  0.007062   0.00168   0.03214         3       640    0.8786    0.8324    0.8757    0.5634   0.02714  0.005247  0.002248
   378/399     17.5G   0.02319  0.007098  0.001688   0.03198         1       640    0.8778    0.8329    0.8758    0.5639   0.02709  0.005248  0.002244
   379/399     17.5G   0.02352  0.007111  0.001653   0.03228         3       640    0.8773    0.8344    0.8757     0.564   0.02705  0.005248   0.00224
   380/399     17.5G   0.02333  0.007053  0.001771   0.03216        13       640     0.878    0.8346     0.876    0.5643     0.027  0.005248  0.002236
   381/399     17.5G   0.02301  0.006954  0.001587   0.03155         4       640    0.8776    0.8342    0.8761    0.5643   0.02696  0.005248  0.002231
   382/399     17.5G   0.02352  0.007202  0.001832   0.03256         3       640    0.8788    0.8339    0.8761     0.565   0.02691  0.005247  0.002227
   383/399     17.5G   0.02299  0.006953  0.001692   0.03164         1       640     0.879    0.8338    0.8763    0.5652   0.02687  0.005246  0.002223
   384/399     17.5G   0.02287  0.007131  0.001599    0.0316         8       640    0.8793    0.8343    0.8764    0.5655   0.02683  0.005247  0.002218
   385/399     17.5G   0.02292  0.007022  0.001613   0.03155         4       640    0.8795    0.8339    0.8765    0.5661   0.02678  0.005247  0.002214
   386/399     17.5G   0.02315  0.007061  0.001648   0.03186         1       640    0.8709    0.8424    0.8767    0.5665   0.02674  0.005246  0.002211
   387/399     17.5G   0.02296  0.007209  0.001896   0.03206         1       640    0.8714    0.8425    0.8768    0.5665    0.0267  0.005247  0.002206
   388/399     17.5G   0.02309  0.007124  0.001701   0.03191         7       640    0.8698    0.8453     0.877     0.567   0.02665  0.005246  0.002202
   389/399     17.5G   0.02295  0.006988   0.00165   0.03158         6       640    0.8696    0.8452    0.8771    0.5676   0.02661  0.005245  0.002199
   390/399     17.5G   0.02285     0.007  0.001685   0.03154         8       640    0.8771    0.8397    0.8771    0.5678   0.02657  0.005245  0.002194
   391/399     17.5G   0.02291  0.007007  0.001731   0.03165         4       640    0.8724    0.8445    0.8774    0.5679   0.02652  0.005245   0.00219
   392/399     17.5G   0.02324  0.007003  0.001639   0.03189         2       640    0.8723    0.8448    0.8776    0.5682   0.02648  0.005244  0.002186
   393/399     17.5G   0.02306   0.00711  0.001696   0.03186         3       640    0.8752    0.8424    0.8777    0.5685   0.02644  0.005243  0.002182
   394/399     17.5G   0.02285   0.00701  0.001551   0.03141         5       640    0.8727    0.8443    0.8779    0.5687    0.0264  0.005243  0.002179
   395/399     17.5G   0.02267  0.006989  0.001634    0.0313         8       640    0.8774    0.8401     0.878    0.5687   0.02635  0.005241  0.002176
   396/399     17.5G   0.02279  0.006805  0.001526   0.03112         4       640    0.8787    0.8401    0.8782    0.5693   0.02631  0.005242  0.002172
   397/399     17.5G   0.02288  0.007051  0.001702   0.03163         6       640    0.8812    0.8392    0.8784    0.5693   0.02627  0.005241  0.002169
   398/399     17.5G   0.02253  0.006787   0.00152   0.03084         4       640    0.8826    0.8393    0.8785      0.57   0.02623  0.005241  0.002166
   399/399     17.5G   0.02325  0.007046  0.001765   0.03206         1       640    0.8827    0.8394    0.8792    0.5709   0.02619  0.005239  0.002162
